100,'0fbe59f6-d4bc-41cf-9d89-7119a6d1eb67',729,,9340,172,,,0,76,,9363,172,,,0,33,,9337,172,,,0,73,,9346,172,,,0,33,,9350,172,,,0,73,,9356,172,,,0,33,,9344,172,,,0,73,,9366,172,,,0,33,,9339,172,,,0,73,,9358,172,,,0,73,,9360,172,,,0,33,,9343,172,,,0,78,,9352,172,,,0,35,,9342,172,,,0,75,,9365,172,,,0,35,,9354,172,,,0,75,,9335,172,,,0,75,,9351,172,,,0,35,,9359,172,,,0,75,,9364,172,,,0,30,,9336,172,,,0,73,,9341,172,,,0,33,,9349,172,,,0,73,,9334,172,,,0,73,,9357,172,,,0,33,,9345,172,,,0,73,,9362,172,,,0,33,,9338,172,,,0,70,,9361,172,,,0,15,,9347,172,,,0,30,,9353,181,,,0
100,'79ca8b2f-a5ba-4317-be99-b99c34cbda89',838,,9378,172,,,0,73,,9385,172,,,0,33,,9368,172,,,0,73,,9370,172,,,0,33,,9369,172,,,0,73,,9382,172,,,0,33,,9379,172,,,0,73,,9384,172,,,0,73,,9380,172,,,0,33,,9367,172,,,0,73,,9387,172,,,0,33,,9386,172,,,0,73,,9381,172,,,0,33,,9377,172,,,0,73,,9371,172,,,0,33,,9372,172,,,0,73,,9374,172,,,0,33,,9383,172,,,0,73,,9375,172,,,0,73,,9376,181,,,0
100,'d0b31cb1-5133-4edf-a738-44ef9b24ca11',838,,9393,172,,,0,73,,9398,172,,,0,33,,9403,172,,,0,73,,9405,172,,,0,33,,9401,172,,,0,73,,9408,172,,,0,33,,9407,172,,,0,73,,9409,172,,,0,73,,9390,172,,,0,33,,9394,172,,,0,73,,9395,172,,,0,33,,9392,172,,,0,73,,9388,172,,,0,33,,9402,172,,,0,73,,9406,172,,,0,33,,9399,172,,,0,73,,9410,172,,,0,33,,9396,172,,,0,73,,9391,172,,,0,73,,9397,181,,,0
100,'f7e5e6f9-100f-43d4-b32c-13a52a04d3e9',635,,9441,172,,,0,68,,9442,172,,,0,29,,9436,172,,,0,73,,9445,172,,,0,33,,9416,172,,,0,73,,9412,172,,,0,33,,9429,172,,,0,73,,9414,172,,,0,33,,9433,172,,,0,73,,9426,172,,,0,33,,9431,172,,,0,73,,9435,172,,,0,73,,9413,172,,,0,33,,9417,172,,,0,78,,9420,172,,,0,35,,9440,172,,,0,75,,9415,172,,,0,35,,9430,172,,,0,75,,9423,172,,,0,75,,9421,172,,,0,35,,9427,172,,,0,75,,9424,172,,,0,30,,9418,172,,,0,73,,9422,172,,,0,33,,9428,172,,,0,73,,9411,172,,,0,73,,9438,172,,,0,33,,9434,172,,,0,73,,9444,172,,,0,33,,9443,172,,,0,70,,9425,172,,,0,15,,9437,172,,,0,30,,9439,181,,,0
301,'0fbe59f6-d4bc-41cf-9d89-7119a6d1eb67',738,,9906,66,,,0,73,,9912,66,,,0,33,,9898,66,,,0,73,,9907,66,,,0,33,,9897,66,,,0,73,,9896,66,,,0,33,,9908,66,,,0,73,,9895,66,,,0,73,,9910,66,,,0,33,,9900,66,,,0,76,,9890,66,,,0,35,,9887,66,,,0,75,,9894,66,,,0,35,,9913,66,,,0,75,,9892,66,,,0,75,,9914,66,,,0,35,,9902,66,,,0,75,,9916,66,,,0,35,,9911,66,,,0,72,,9903,66,,,0,34,,9893,66,,,0,73,,9889,66,,,0,73,,9888,66,,,0,33,,9904,66,,,0,73,,9901,66,,,0,33,,9915,66,,,0,73,,9909,66,,,0,31,,9905,66,,,0,60,,9899,66,,,0,30,,9917,66,,,0,65,,9891,66,,,0
301,'79ca8b2f-a5ba-4317-be99-b99c34cbda89',811,,9919,66,,,0,33,,9934,66,,,0,73,,9932,66,,,0,33,,9935,66,,,0,73,,9918,66,,,0,33,,9929,66,,,0,73,,9926,66,,,0,73,,9938,66,,,0,33,,9925,66,,,0,73,,9923,66,,,0,33,,9921,66,,,0,73,,9931,66,,,0,33,,9924,66,,,0,73,,9937,66,,,0,33,,9927,66,,,0,73,,9922,66,,,0,33,,9920,66,,,0,73,,9933,66,,,0,73,,9928,66,,,0,33,,9930,66,,,0,65,,9936,66,,,0
301,'d0b31cb1-5133-4edf-a738-44ef9b24ca11',811,,9949,66,,,0,33,,9957,66,,,0,73,,9944,66,,,0,33,,9943,66,,,0,73,,9948,66,,,0,33,,9952,66,,,0,73,,9939,66,,,0,73,,9953,66,,,0,33,,9955,66,,,0,73,,9940,66,,,0,33,,9942,66,,,0,73,,9954,66,,,0,33,,9959,66,,,0,73,,9941,66,,,0,33,,9946,66,,,0,73,,9951,66,,,0,33,,9947,66,,,0,73,,9958,66,,,0,73,,9956,66,,,0,33,,9950,66,,,0,65,,9945,66,,,0
301,'f7e5e6f9-100f-43d4-b32c-13a52a04d3e9',633,,9978,66,,,0,72,,9974,66,,,0,33,,9992,66,,,0,73,,9983,66,,,0,33,,9980,66,,,0,73,,9969,66,,,0,33,,9975,66,,,0,73,,9989,66,,,0,33,,9984,66,,,0,73,,9979,66,,,0,73,,9973,66,,,0,33,,9985,66,,,0,76,,9967,66,,,0,35,,9986,66,,,0,75,,9977,66,,,0,35,,9963,66,,,0,75,,9971,66,,,0,75,,9961,66,,,0,35,,9960,66,,,0,75,,9970,66,,,0,35,,9991,66,,,0,72,,9987,66,,,0,34,,9966,66,,,0,73,,9962,66,,,0,73,,9964,66,,,0,33,,9982,66,,,0,73,,9965,66,,,0,33,,9981,66,,,0,73,,9968,66,,,0,31,,9976,66,,,0,60,,9990,66,,,0,30,,9972,66,,,0,65,,9988,66,,,0
1006001,'f7e5e6f9-100f-43d4-b32c-13a52a04d3e9',618,,10521,188,,,0,90,,10522,188,,,0,100,,10519,188,,,0,105,,10513,188,,,0,100,,10520,188,,,0,100,,10514,188,,,0,100,,10523,188,,,0,100,,10517,188,,,0,100,,10515,188,,,0,105,,10516,188,,,0,100,,10524,188,,,0,100,,10518,188,,,0,100,,10525,188,,,0
1006101,'f7e5e6f9-100f-43d4-b32c-13a52a04d3e9',621,,10547,48,,,0,80,,10552,48,,,0,45,,10558,48,,,0,85,,10556,48,,,0,85,,10559,48,,,0,85,,10548,48,,,0,45,,10560,48,,,0,85,,10543,48,,,0,85,,10550,48,,,0,85,,10557,48,,,0,45,,10545,48,,,0,85,,10551,48,,,0,85,,10549,48,,,0,85,,10554,48,,,0,45,,10544,48,,,0,85,,10555,48,,,0,85,,10553,48,,,0,85,,10546,48,,,0
2006001,'f7e5e6f9-100f-43d4-b32c-13a52a04d3e9',642,,10585,91,,,0,94,,10583,91,,,0,100,,10574,91,,,0,105,,10582,91,,,0,100,,10575,91,,,0,100,,10581,91,,,0,100,,10576,91,,,0,100,,10580,91,,,0,100,,10577,91,,,0,105,,10584,91,,,0,100,,10586,91,,,0,100,,10579,91,,,0,100,,10578,91,,,0
3006001,'0fbe59f6-d4bc-41cf-9d89-7119a6d1eb67',737,,10682,98,,,0,85,,10694,98,,,0,85,,10683,98,,,0,45,,10695,98,,,0,85,,10692,98,,,0,85,,10699,98,,,0,85,,10680,98,,,0,45,,10696,98,,,0,85,,10691,98,,,0,85,,10693,98,,,0,85,,10697,98,,,0,45,,10681,98,,,0,85,,10698,98,,,0,85,,10689,98,,,0,85,,10701,98,,,0,45,,10690,98,,,0,85,,10688,98,,,0,85,,10700,98,,,0,85,,10686,98,,,0,45,,10685,98,,,0,85,,10684,98,,,0,85,,10687,98,,,0
3006001,'79ca8b2f-a5ba-4317-be99-b99c34cbda89',837,,10707,98,,,0,85,,10714,98,,,0,85,,10709,98,,,0,45,,10705,98,,,0,85,,10713,98,,,0,85,,10711,98,,,0,85,,10708,98,,,0,45,,10702,98,,,0,85,,10704,98,,,0,85,,10706,98,,,0,85,,10710,98,,,0,45,,10715,98,,,0,85,,10712,98,,,0,85,,10703,98,,,0
3006001,'d0b31cb1-5133-4edf-a738-44ef9b24ca11',837,,10726,98,,,0,85,,10720,98,,,0,85,,10716,98,,,0,45,,10721,98,,,0,85,,10722,98,,,0,85,,10724,98,,,0,85,,10718,98,,,0,45,,10725,98,,,0,85,,10727,98,,,0,85,,10719,98,,,0,85,,10729,98,,,0,45,,10717,98,,,0,85,,10723,98,,,0,85,,10728,98,,,0
3006001,'f7e5e6f9-100f-43d4-b32c-13a52a04d3e9',1937,,10730,98,,,0,85,,10734,98,,,0,85,,10732,98,,,0,45,,10735,98,,,0,85,,10733,98,,,0,85,,10731,98,,,0
