201,'208becb0-a2f3-4a1e-94d4-0c0b1bcc9f11',656,,8271,2,,,0,73,,8278,2,,,0,73,,8272,2,,,0,33,,8289,2,,,0,73,,8295,2,,,0,33,,8287,2,,,0,73,,8285,2,,,0,33,,8273,2,,,0,73,,8280,2,,,0,33,,8274,2,,,0,73,,8290,2,,,0,33,,8299,2,,,0,73,,8298,2,,,0,73,,8276,2,,,0,33,,8302,2,,,0,73,,8296,2,,,0,33,,8283,2,,,0,73,,8282,2,,,0,33,,8277,2,,,0,73,,8275,2,,,0,33,,8284,2,,,0,73,,8279,2,,,0,73,,8301,2,,,0,33,,8286,2,,,0,73,,8281,2,,,0,33,,8291,2,,,0,73,,8300,2,,,0,33,,8293,2,,,0,70,,8297,2,,,0,30,,8292,2,,,0,72,,8288,2,,,0
201,'25ce079e-2902-4561-b3b8-aaefe35358b8',802,,8312,2,,,0,33,,8309,2,,,0,73,,8304,2,,,0,33,,8303,2,,,0,73,,8319,2,,,0,33,,8305,2,,,0,73,,8313,2,,,0,33,,8307,2,,,0,73,,8311,2,,,0,33,,8317,2,,,0,73,,8306,2,,,0,73,,8321,2,,,0,33,,8308,2,,,0,73,,8314,2,,,0,33,,8316,2,,,0,73,,8322,2,,,0,33,,8315,2,,,0,73,,8310,2,,,0,33,,8318,2,,,0,73,,8320,2,,,0
201,'599df357-d0cf-4a96-9d21-3021fe181a26',550,,8336,2,,,0,73,,8339,2,,,0,33,,8352,2,,,0,73,,8347,2,,,0,73,,8324,2,,,0,33,,8341,2,,,0,73,,8346,2,,,0,33,,8325,2,,,0,73,,8354,2,,,0,33,,8338,2,,,0,73,,8334,2,,,0,33,,8348,2,,,0,73,,8337,2,,,0,33,,8335,2,,,0,73,,8323,2,,,0,73,,8333,2,,,0,33,,8350,2,,,0,73,,8329,2,,,0,33,,8327,2,,,0,73,,8331,2,,,0,33,,8340,2,,,0,73,,8330,2,,,0,33,,8345,2,,,0,73,,8326,2,,,0,73,,8349,2,,,0,33,,8344,2,,,0,73,,8356,2,,,0,33,,8357,2,,,0,73,,8328,2,,,0,33,,8343,2,,,0,70,,8342,2,,,0,30,,8332,2,,,0,72,,8353,2,,,0
201,'f1b8bc1c-304d-4ce4-ace6-7c20cda06a39',802,,8360,2,,,0,33,,8368,2,,,0,73,,8369,2,,,0,33,,8363,2,,,0,73,,8362,2,,,0,33,,8367,2,,,0,73,,8359,2,,,0,33,,8374,2,,,0,73,,8366,2,,,0,33,,8373,2,,,0,73,,8378,2,,,0,73,,8376,2,,,0,33,,8372,2,,,0,73,,8365,2,,,0,33,,8361,2,,,0,73,,8379,2,,,0,33,,8358,2,,,0,73,,8364,2,,,0,33,,8371,2,,,0,73,,8375,2,,,0
301,'208becb0-a2f3-4a1e-94d4-0c0b1bcc9f11',715,,8508,3,,,0,33,,8497,3,,,0,73,,8488,3,,,0,33,,8498,3,,,0,73,,8491,3,,,0,73,,8516,3,,,0,33,,8501,3,,,0,73,,8486,3,,,0,33,,8514,3,,,0,73,,8500,3,,,0,33,,8510,3,,,0,73,,8504,3,,,0,33,,8509,3,,,0,73,,8493,3,,,0,33,,8495,3,,,0,73,,8505,3,,,0,73,,8503,3,,,0,33,,8496,3,,,0,73,,8513,3,,,0,33,,8487,3,,,0,73,,8512,3,,,0,33,,8494,3,,,0,73,,8515,3,,,0,33,,8489,3,,,0,73,,8511,3,,,0,73,,8492,3,,,0,33,,8507,3,,,0,73,,8502,3,,,0,30,,8499,3,,,0,70,,8506,3,,,0,30,,8490,3,,,0
301,'25ce079e-2902-4561-b3b8-aaefe35358b8',748,,8530,3,,,0,73,,8536,3,,,0,33,,8537,3,,,0,73,,8517,3,,,0,73,,8532,3,,,0,33,,8518,3,,,0,73,,8521,3,,,0,33,,8529,3,,,0,73,,8522,3,,,0,33,,8519,3,,,0,73,,8525,3,,,0,33,,8520,3,,,0,73,,8531,3,,,0,33,,8533,3,,,0,73,,8526,3,,,0,73,,8528,3,,,0,33,,8523,3,,,0,73,,8534,3,,,0,33,,8535,3,,,0,73,,8527,3,,,0,25,,8524,3,,,0
301,'599df357-d0cf-4a96-9d21-3021fe181a26',610,,8568,3,,,0,32,,8550,3,,,0,73,,8557,3,,,0,33,,8563,3,,,0,73,,8543,3,,,0,33,,8549,3,,,0,73,,8548,3,,,0,73,,8558,3,,,0,33,,8555,3,,,0,73,,8553,3,,,0,33,,8560,3,,,0,73,,8564,3,,,0,33,,8566,3,,,0,73,,8569,3,,,0,33,,8546,3,,,0,73,,8551,3,,,0,33,,8542,3,,,0,73,,8562,3,,,0,73,,8544,3,,,0,33,,8559,3,,,0,73,,8552,3,,,0,33,,8547,3,,,0,73,,8554,3,,,0,33,,8561,3,,,0,73,,8540,3,,,0,33,,8545,3,,,0,73,,8541,3,,,0,73,,8538,3,,,0,33,,8570,3,,,0,73,,8556,3,,,0,30,,8539,3,,,0,70,,8565,3,,,0,30,,8567,3,,,0
301,'f1b8bc1c-304d-4ce4-ace6-7c20cda06a39',748,,8571,3,,,0,73,,8574,3,,,0,33,,8588,3,,,0,73,,8589,3,,,0,73,,8579,3,,,0,33,,8578,3,,,0,73,,8577,3,,,0,33,,8572,3,,,0,73,,8580,3,,,0,33,,8576,3,,,0,73,,8575,3,,,0,33,,8590,3,,,0,73,,8582,3,,,0,33,,8585,3,,,0,73,,8584,3,,,0,73,,8586,3,,,0,33,,8583,3,,,0,73,,8591,3,,,0,33,,8581,3,,,0,73,,8573,3,,,0,25,,8587,3,,,0
401,'208becb0-a2f3-4a1e-94d4-0c0b1bcc9f11',711,,8722,2,,,0,31,,8707,2,,,0,73,,8703,2,,,0,33,,8702,2,,,0,73,,8711,2,,,0,33,,8730,2,,,0,73,,8721,2,,,0,73,,8701,2,,,0,33,,8715,2,,,0,73,,8727,2,,,0,33,,8719,2,,,0,73,,8713,2,,,0,33,,8716,2,,,0,73,,8731,2,,,0,33,,8700,2,,,0,73,,8704,2,,,0,33,,8717,2,,,0,73,,8729,2,,,0,73,,8699,2,,,0,33,,8709,2,,,0,73,,8728,2,,,0,33,,8720,2,,,0,73,,8714,2,,,0,33,,8726,2,,,0,73,,8718,2,,,0,33,,8725,2,,,0,73,,8723,2,,,0,73,,8708,2,,,0,33,,8705,2,,,0,73,,8706,2,,,0,21,,8712,2,,,0
401,'25ce079e-2902-4561-b3b8-aaefe35358b8',815,,8737,2,,,0,33,,8746,2,,,0,73,,8748,2,,,0,33,,8738,2,,,0,73,,8750,2,,,0,73,,8752,2,,,0,33,,8749,2,,,0,73,,8744,2,,,0,33,,8733,2,,,0,73,,8745,2,,,0,33,,8741,2,,,0,73,,8740,2,,,0,33,,8736,2,,,0,73,,8739,2,,,0,33,,8735,2,,,0,73,,8753,2,,,0,73,,8751,2,,,0,33,,8734,2,,,0,73,,8742,2,,,0,33,,8747,2,,,0
401,'599df357-d0cf-4a96-9d21-3021fe181a26',605,,8778,2,,,0,31,,8776,2,,,0,74,,8780,2,,,0,32,,8757,2,,,0,73,,8761,2,,,0,33,,8765,2,,,0,73,,8767,2,,,0,33,,8760,2,,,0,73,,8773,2,,,0,73,,8781,2,,,0,33,,8775,2,,,0,73,,8786,2,,,0,33,,8774,2,,,0,73,,8754,2,,,0,33,,8763,2,,,0,73,,8756,2,,,0,33,,8782,2,,,0,73,,8766,2,,,0,33,,8784,2,,,0,73,,8758,2,,,0,73,,8759,2,,,0,33,,8762,2,,,0,73,,8779,2,,,0,33,,8755,2,,,0,73,,8769,2,,,0,33,,8768,2,,,0,73,,8785,2,,,0,33,,8783,2,,,0,73,,8771,2,,,0,73,,8772,2,,,0,33,,8770,2,,,0,73,,8777,2,,,0,21,,8764,2,,,0
401,'f1b8bc1c-304d-4ce4-ace6-7c20cda06a39',815,,8794,2,,,0,33,,8790,2,,,0,73,,8793,2,,,0,33,,8801,2,,,0,73,,8798,2,,,0,73,,8799,2,,,0,33,,8808,2,,,0,73,,8792,2,,,0,33,,8787,2,,,0,73,,8805,2,,,0,33,,8803,2,,,0,73,,8797,2,,,0,33,,8804,2,,,0,73,,8791,2,,,0,33,,8802,2,,,0,73,,8800,2,,,0,73,,8789,2,,,0,33,,8795,2,,,0,73,,8807,2,,,0,33,,8796,2,,,0
