200,'208becb0-a2f3-4a1e-94d4-0c0b1bcc9f11',721,,8187,195,,,0,33,,8188,195,,,0,73,,8169,195,,,0,73,,8164,195,,,0,33,,8184,195,,,0,73,,8165,195,,,0,33,,8170,195,,,0,73,,8171,195,,,0,33,,8175,195,,,0,73,,8185,195,,,0,33,,8183,195,,,0,73,,8177,195,,,0,33,,8160,195,,,0,73,,8173,195,,,0,73,,8174,195,,,0,33,,8191,195,,,0,73,,8186,195,,,0,33,,8182,195,,,0,73,,8161,195,,,0,33,,8180,195,,,0,73,,8178,195,,,0,33,,8166,195,,,0,73,,8172,195,,,0,73,,8163,195,,,0,33,,8159,195,,,0,73,,8162,195,,,0,33,,8167,195,,,0,73,,8168,195,,,0,33,,8176,195,,,0,73,,8190,195,,,0,30,,8179,195,,,0
200,'25ce079e-2902-4561-b3b8-aaefe35358b8',827,,8194,195,,,0,73,,8211,195,,,0,33,,8192,195,,,0,73,,8203,195,,,0,33,,8204,195,,,0,73,,8202,195,,,0,33,,8210,195,,,0,73,,8209,195,,,0,33,,8213,195,,,0,73,,8197,195,,,0,33,,8199,195,,,0,73,,8195,195,,,0,73,,8212,195,,,0,33,,8200,195,,,0,73,,8205,195,,,0,33,,8193,195,,,0,73,,8206,195,,,0,33,,8207,195,,,0,73,,8198,195,,,0,33,,8201,195,,,0
200,'599df357-d0cf-4a96-9d21-3021fe181a26',622,,8221,195,,,0,26,,8215,195,,,0,73,,8247,195,,,0,33,,8244,195,,,0,73,,8232,195,,,0,73,,8224,195,,,0,33,,8236,195,,,0,73,,8226,195,,,0,33,,8248,195,,,0,73,,8241,195,,,0,33,,8222,195,,,0,73,,8227,195,,,0,33,,8240,195,,,0,73,,8231,195,,,0,33,,8245,195,,,0,73,,8243,195,,,0,73,,8229,195,,,0,33,,8246,195,,,0,73,,8230,195,,,0,33,,8216,195,,,0,73,,8220,195,,,0,33,,8239,195,,,0,73,,8242,195,,,0,33,,8228,195,,,0,73,,8223,195,,,0,73,,8218,195,,,0,33,,8214,195,,,0,73,,8237,195,,,0,33,,8219,195,,,0,73,,8225,195,,,0,33,,8233,195,,,0,73,,8238,195,,,0,30,,8217,195,,,0
200,'f1b8bc1c-304d-4ce4-ace6-7c20cda06a39',827,,8256,206,,,0,73,,8257,206,,,0,33,,8258,206,,,0,73,,8265,206,,,0,33,,8255,206,,,0,73,,8269,206,,,0,33,,8270,206,,,0,73,,8268,206,,,0,33,,8250,206,,,0,73,,8252,206,,,0,33,,8249,206,,,0,73,,8262,206,,,0,73,,8253,206,,,0,33,,8263,206,,,0,73,,8261,206,,,0,33,,8259,206,,,0,73,,8251,206,,,0,33,,8254,206,,,0,73,,8264,206,,,0,33,,8267,206,,,0
300,'208becb0-a2f3-4a1e-94d4-0c0b1bcc9f11',738,,8395,87,,,0,73,,8400,87,,,0,33,,8393,87,,,0,73,,8381,87,,,0,33,,8402,87,,,0,73,,8401,87,,,0,33,,8405,87,,,0,73,,8404,87,,,0,73,,8382,87,,,0,33,,8391,87,,,0,73,,8407,87,,,0,33,,8386,87,,,0,73,,8380,87,,,0,33,,8394,87,,,0,73,,8397,87,,,0,33,,8410,87,,,0,73,,8406,87,,,0,33,,8384,87,,,0,73,,8396,87,,,0,73,,8387,87,,,0,33,,8403,87,,,0,73,,8383,87,,,0,33,,8385,87,,,0,73,,8409,87,,,0,33,,8388,87,,,0,73,,8408,87,,,0,33,,8389,87,,,0,73,,8398,87,,,0,73,,8399,87,,,0,24,,8392,87,,,0,30,,8390,87,,,0
300,'25ce079e-2902-4561-b3b8-aaefe35358b8',811,,8422,87,,,0,33,,8411,87,,,0,73,,8420,87,,,0,33,,8427,87,,,0,73,,8412,87,,,0,33,,8416,87,,,0,73,,8430,87,,,0,73,,8428,87,,,0,33,,8423,87,,,0,73,,8421,87,,,0,33,,8414,87,,,0,73,,8418,87,,,0,33,,8425,87,,,0,73,,8419,87,,,0,33,,8424,87,,,0,73,,8415,87,,,0,33,,8413,87,,,0,73,,8429,87,,,0,73,,8417,87,,,0,33,,8431,87,,,0,68,,8426,87,,,0
300,'599df357-d0cf-4a96-9d21-3021fe181a26',632,,8458,87,,,0,74,,8435,87,,,0,32,,8451,87,,,0,73,,8449,87,,,0,33,,8454,87,,,0,73,,8443,87,,,0,33,,8446,87,,,0,73,,8461,87,,,0,33,,8442,87,,,0,73,,8441,87,,,0,73,,8462,87,,,0,33,,8445,87,,,0,73,,8433,87,,,0,33,,8434,87,,,0,73,,8450,87,,,0,33,,8436,87,,,0,73,,8437,87,,,0,33,,8456,87,,,0,73,,8438,87,,,0,33,,8459,87,,,0,73,,8455,87,,,0,73,,8463,87,,,0,33,,8432,87,,,0,73,,8439,87,,,0,33,,8447,87,,,0,73,,8460,87,,,0,33,,8453,87,,,0,73,,8444,87,,,0,33,,8464,87,,,0,73,,8440,87,,,0,73,,8452,87,,,0,24,,8448,87,,,0,30,,8457,87,,,0
300,'f1b8bc1c-304d-4ce4-ace6-7c20cda06a39',811,,8474,87,,,0,33,,8470,87,,,0,73,,8465,87,,,0,33,,8483,87,,,0,73,,8478,87,,,0,33,,8480,87,,,0,73,,8484,87,,,0,73,,8468,87,,,0,33,,8472,87,,,0,73,,8482,87,,,0,33,,8485,87,,,0,73,,8473,87,,,0,33,,8469,87,,,0,73,,8481,87,,,0,33,,8471,87,,,0,73,,8475,87,,,0,33,,8477,87,,,0,73,,8479,87,,,0,73,,8467,87,,,0,33,,8476,87,,,0,68,,8466,87,,,0
400,'208becb0-a2f3-4a1e-94d4-0c0b1bcc9f11',739,,8616,152,,,0,72,,8607,152,,,0,35,,8610,152,,,0,71,,8598,152,,,0,33,,8599,152,,,0,73,,8611,152,,,0,33,,8596,152,,,0,73,,8612,152,,,0,73,,8620,152,,,0,33,,8615,152,,,0,73,,8604,152,,,0,33,,8603,152,,,0,73,,8609,152,,,0,33,,8613,152,,,0,73,,8601,152,,,0,33,,8617,152,,,0,73,,8621,152,,,0,33,,8618,152,,,0,73,,8619,152,,,0,73,,8623,152,,,0,33,,8622,152,,,0,73,,8592,152,,,0,33,,8602,152,,,0,73,,8606,152,,,0,33,,8595,152,,,0,73,,8600,152,,,0,33,,8605,152,,,0,73,,8593,152,,,0,73,,8614,152,,,0,33,,8608,152,,,0,66,,8597,151,,,0
400,'25ce079e-2902-4561-b3b8-aaefe35358b8',846,,8631,152,,,0,71,,8639,152,,,0,33,,8630,152,,,0,73,,8642,152,,,0,33,,8633,152,,,0,73,,8643,152,,,0,73,,8637,152,,,0,33,,8629,152,,,0,73,,8640,152,,,0,33,,8625,152,,,0,73,,8641,152,,,0,33,,8638,152,,,0,73,,8624,152,,,0,33,,8628,152,,,0,73,,8632,152,,,0,33,,8626,152,,,0,73,,8636,152,,,0,73,,8634,152,,,0,33,,8635,152,,,0,73,,8627,151,,,0
400,'599df357-d0cf-4a96-9d21-3021fe181a26',641,,8664,152,,,0,65,,8658,152,,,0,33,,8671,152,,,0,72,,8667,152,,,0,34,,8654,152,,,0,72,,8651,152,,,0,33,,8647,152,,,0,73,,8650,152,,,0,33,,8648,152,,,0,73,,8660,152,,,0,73,,8656,152,,,0,33,,8675,152,,,0,73,,8657,152,,,0,33,,8669,152,,,0,73,,8659,152,,,0,33,,8674,152,,,0,73,,8655,152,,,0,33,,8663,152,,,0,73,,8645,152,,,0,33,,8668,152,,,0,73,,8653,152,,,0,73,,8662,152,,,0,33,,8677,152,,,0,73,,8665,152,,,0,33,,8649,152,,,0,73,,8661,152,,,0,33,,8673,152,,,0,73,,8666,152,,,0,33,,8644,152,,,0,73,,8652,152,,,0,73,,8676,152,,,0,33,,8670,152,,,0,66,,8672,151,,,0
400,'f1b8bc1c-304d-4ce4-ace6-7c20cda06a39',846,,8696,152,,,0,71,,8690,152,,,0,33,,8689,152,,,0,73,,8681,152,,,0,33,,8692,152,,,0,73,,8693,152,,,0,73,,8679,152,,,0,33,,8684,152,,,0,73,,8698,152,,,0,33,,8695,152,,,0,73,,8680,152,,,0,33,,8688,152,,,0,73,,8686,152,,,0,33,,8685,152,,,0,73,,8687,152,,,0,33,,8683,152,,,0,73,,8697,152,,,0,73,,8678,152,,,0,33,,8691,152,,,0,73,,8694,151,,,0
