100,'208becb0-a2f3-4a1e-94d4-0c0b1bcc9f11',731,,7935,170,,,0,73,,7940,170,,,0,33,,7937,170,,,0,73,,7959,170,,,0,33,,7952,170,,,0,73,,7957,170,,,0,33,,7965,170,,,0,73,,7941,170,,,0,33,,7958,170,,,0,73,,7962,170,,,0,73,,7944,170,,,0,33,,7938,170,,,0,73,,7951,170,,,0,33,,7961,170,,,0,73,,7963,170,,,0,33,,7946,170,,,0,73,,7966,170,,,0,33,,7948,170,,,0,73,,7956,170,,,0,33,,7955,170,,,0,73,,7939,170,,,0,73,,7954,170,,,0,33,,7947,170,,,0,73,,7953,170,,,0,33,,7936,170,,,0,73,,7945,170,,,0,33,,7934,170,,,0,73,,7964,170,,,0,33,,7943,170,,,0,70,,7949,170,,,0,30,,7950,179,,,0
100,'25ce079e-2902-4561-b3b8-aaefe35358b8',837,,7967,170,,,0,73,,7987,170,,,0,33,,7976,170,,,0,73,,7968,170,,,0,33,,7980,170,,,0,73,,7984,170,,,0,33,,7982,170,,,0,73,,7970,170,,,0,73,,7986,170,,,0,33,,7974,170,,,0,73,,7975,170,,,0,33,,7969,170,,,0,73,,7978,170,,,0,33,,7981,170,,,0,73,,7985,170,,,0,33,,7973,170,,,0,73,,7971,170,,,0,33,,7977,170,,,0,73,,7979,170,,,0,73,,7972,179,,,0
100,'599df357-d0cf-4a96-9d21-3021fe181a26',634,,8006,170,,,0,68,,7995,170,,,0,29,,8015,170,,,0,73,,8003,170,,,0,33,,8014,170,,,0,73,,8016,170,,,0,33,,7993,170,,,0,73,,8022,170,,,0,33,,7988,170,,,0,73,,8005,170,,,0,33,,8011,170,,,0,73,,7991,170,,,0,73,,8013,170,,,0,33,,8004,170,,,0,73,,7997,170,,,0,33,,8001,170,,,0,73,,7994,170,,,0,33,,8002,170,,,0,73,,8019,170,,,0,33,,8007,170,,,0,73,,8020,170,,,0,33,,8009,170,,,0,73,,7992,170,,,0,73,,7996,170,,,0,33,,8010,170,,,0,73,,8008,170,,,0,33,,7990,170,,,0,73,,7989,170,,,0,33,,8017,170,,,0,73,,8021,170,,,0,33,,7998,170,,,0,70,,8018,170,,,0,30,,8000,179,,,0
100,'f1b8bc1c-304d-4ce4-ace6-7c20cda06a39',837,,8030,170,,,0,73,,8031,170,,,0,33,,8040,170,,,0,73,,8034,170,,,0,33,,8039,170,,,0,73,,8045,170,,,0,33,,8043,170,,,0,73,,8042,170,,,0,73,,8038,170,,,0,33,,8029,170,,,0,73,,8025,170,,,0,33,,8033,170,,,0,73,,8044,170,,,0,33,,8028,170,,,0,73,,8041,170,,,0,33,,8024,170,,,0,73,,8035,170,,,0,33,,8036,170,,,0,73,,8032,170,,,0,73,,8023,179,,,0
301,'208becb0-a2f3-4a1e-94d4-0c0b1bcc9f11',737,,8508,63,,,0,73,,8497,63,,,0,33,,8488,63,,,0,73,,8498,63,,,0,33,,8491,63,,,0,73,,8516,63,,,0,33,,8501,63,,,0,73,,8486,63,,,0,73,,8514,63,,,0,33,,8500,63,,,0,73,,8510,63,,,0,33,,8504,63,,,0,73,,8509,63,,,0,33,,8493,63,,,0,73,,8495,63,,,0,33,,8505,63,,,0,73,,8503,63,,,0,33,,8496,63,,,0,73,,8513,63,,,0,73,,8487,63,,,0,33,,8512,63,,,0,73,,8494,63,,,0,33,,8515,63,,,0,73,,8489,63,,,0,33,,8511,63,,,0,73,,8492,63,,,0,33,,8507,63,,,0,73,,8502,63,,,0,30,,8499,63,,,0,70,,8506,63,,,0,30,,8490,63,,,0
301,'25ce079e-2902-4561-b3b8-aaefe35358b8',810,,8530,63,,,0,33,,8536,63,,,0,73,,8537,63,,,0,33,,8517,63,,,0,73,,8532,63,,,0,33,,8518,63,,,0,73,,8521,63,,,0,73,,8529,63,,,0,33,,8522,63,,,0,73,,8519,63,,,0,33,,8525,63,,,0,73,,8520,63,,,0,33,,8531,63,,,0,73,,8533,63,,,0,33,,8526,63,,,0,73,,8528,63,,,0,33,,8523,63,,,0,73,,8534,63,,,0,73,,8535,63,,,0,33,,8527,63,,,0,65,,8524,63,,,0
301,'599df357-d0cf-4a96-9d21-3021fe181a26',632,,8568,63,,,0,72,,8550,63,,,0,33,,8557,63,,,0,73,,8563,63,,,0,33,,8543,63,,,0,73,,8549,63,,,0,33,,8548,63,,,0,73,,8558,63,,,0,33,,8555,63,,,0,73,,8553,63,,,0,73,,8560,63,,,0,33,,8564,63,,,0,73,,8566,63,,,0,33,,8569,63,,,0,73,,8546,63,,,0,33,,8551,63,,,0,73,,8542,63,,,0,33,,8562,63,,,0,73,,8544,63,,,0,33,,8559,63,,,0,73,,8552,63,,,0,73,,8547,63,,,0,33,,8554,63,,,0,73,,8561,63,,,0,33,,8540,63,,,0,73,,8545,63,,,0,33,,8541,63,,,0,73,,8538,63,,,0,33,,8570,63,,,0,73,,8556,63,,,0,30,,8539,63,,,0,70,,8565,63,,,0,30,,8567,63,,,0
301,'f1b8bc1c-304d-4ce4-ace6-7c20cda06a39',810,,8571,63,,,0,33,,8574,63,,,0,73,,8588,63,,,0,33,,8589,63,,,0,73,,8579,63,,,0,33,,8578,63,,,0,73,,8577,63,,,0,73,,8572,63,,,0,33,,8580,63,,,0,73,,8576,63,,,0,33,,8575,63,,,0,73,,8590,63,,,0,33,,8582,63,,,0,73,,8585,63,,,0,33,,8584,63,,,0,73,,8586,63,,,0,33,,8583,63,,,0,73,,8591,63,,,0,73,,8581,63,,,0,33,,8573,63,,,0,65,,8587,63,,,0
1006000,'599df357-d0cf-4a96-9d21-3021fe181a26',644,,9104,8,,,0,95,,9105,8,,,0,100,,9107,8,,,0,100,,9100,8,,,0,100,,9108,8,,,0,100,,9103,8,,,0,100,,9110,8,,,0,100,,9102,8,,,0,100,,9101,8,,,0,100,,9106,8,,,0,100,,9109,8,,,0,100,,9098,8,,,0,100,,9099,8,,,0
1006101,'599df357-d0cf-4a96-9d21-3021fe181a26',620,,9157,46,,,0,80,,9156,46,,,0,45,,9148,46,,,0,85,,9142,46,,,0,85,,9149,46,,,0,85,,9158,46,,,0,45,,9151,46,,,0,85,,9144,46,,,0,85,,9153,46,,,0,85,,9147,46,,,0,45,,9155,46,,,0,85,,9154,46,,,0,85,,9152,46,,,0,85,,9143,46,,,0,45,,9146,46,,,0,85,,9150,46,,,0,85,,9145,46,,,0,85,,9141,46,,,0
2006001,'599df357-d0cf-4a96-9d21-3021fe181a26',641,,9178,89,,,0,93,,9173,89,,,0,100,,9176,89,,,0,100,,9177,89,,,0,100,,9180,89,,,0,100,,9175,89,,,0,100,,9182,89,,,0,100,,9181,89,,,0,100,,9184,89,,,0,100,,9174,89,,,0,100,,9179,89,,,0,100,,9172,89,,,0,100,,9183,89,,,0
3006001,'208becb0-a2f3-4a1e-94d4-0c0b1bcc9f11',736,,9283,96,,,0,85,,9292,96,,,0,85,,9296,96,,,0,45,,9289,96,,,0,85,,9288,96,,,0,85,,9290,96,,,0,85,,9299,96,,,0,45,,9291,96,,,0,85,,9286,96,,,0,85,,9294,96,,,0,85,,9293,96,,,0,45,,9278,96,,,0,85,,9295,96,,,0,85,,9297,96,,,0,85,,9284,96,,,0,45,,9285,96,,,0,85,,9280,96,,,0,85,,9281,96,,,0,85,,9298,96,,,0,45,,9279,96,,,0,85,,9287,96,,,0,85,,9282,96,,,0
3006001,'25ce079e-2902-4561-b3b8-aaefe35358b8',836,,9305,96,,,0,85,,9300,96,,,0,85,,9308,96,,,0,45,,9309,96,,,0,85,,9301,96,,,0,85,,9312,96,,,0,85,,9313,96,,,0,45,,9307,96,,,0,85,,9302,96,,,0,85,,9306,96,,,0,85,,9304,96,,,0,45,,9303,96,,,0,85,,9310,96,,,0,85,,9311,96,,,0
3006001,'599df357-d0cf-4a96-9d21-3021fe181a26',1936,,9314,96,,,0,85,,9318,96,,,0,85,,9319,96,,,0,45,,9315,96,,,0,85,,9317,96,,,0,85,,9316,96,,,0
3006001,'f1b8bc1c-304d-4ce4-ace6-7c20cda06a39',836,,9322,96,,,0,85,,9324,96,,,0,85,,9331,96,,,0,45,,9329,96,,,0,85,,9328,96,,,0,85,,9333,96,,,0,85,,9321,96,,,0,45,,9325,96,,,0,85,,9330,96,,,0,85,,9323,96,,,0,85,,9326,96,,,0,45,,9327,96,,,0,85,,9332,96,,,0,85,,9320,96,,,0
