100,'0fbe59f6-d4bc-41cf-9d89-7119a6d1eb67',724,,9340,154,,,0,76,,9363,154,,,0,33,,9337,154,,,0,73,,9346,154,,,0,33,,9350,154,,,0,73,,9356,154,,,0,33,,9344,154,,,0,73,,9366,154,,,0,33,,9339,154,,,0,73,,9358,154,,,0,33,,9360,154,,,0,73,,9343,154,,,0,77,,9352,154,,,0,35,,9342,154,,,0,75,,9365,154,,,0,35,,9354,154,,,0,75,,9335,154,,,0,75,,9351,154,,,0,35,,9359,154,,,0,75,,9364,154,,,0,31,,9336,154,,,0,73,,9341,154,,,0,33,,9349,154,,,0,73,,9334,154,,,0,33,,9357,154,,,0,73,,9345,154,,,0,73,,9362,154,,,0,33,,9338,154,,,0,70,,9361,154,,,0,15,,9347,154,,,0,30,,9353,163,,,0
100,'79ca8b2f-a5ba-4317-be99-b99c34cbda89',833,,9378,154,,,0,73,,9385,154,,,0,33,,9368,154,,,0,73,,9370,154,,,0,33,,9369,154,,,0,73,,9382,154,,,0,33,,9379,154,,,0,73,,9384,154,,,0,33,,9380,154,,,0,73,,9367,154,,,0,73,,9387,154,,,0,33,,9386,154,,,0,73,,9381,154,,,0,33,,9377,154,,,0,73,,9371,154,,,0,33,,9372,154,,,0,73,,9374,154,,,0,33,,9383,154,,,0,73,,9375,154,,,0,73,,9376,163,,,0
100,'d0b31cb1-5133-4edf-a738-44ef9b24ca11',833,,9393,154,,,0,73,,9398,154,,,0,33,,9403,154,,,0,73,,9405,154,,,0,33,,9401,154,,,0,73,,9408,154,,,0,33,,9407,154,,,0,73,,9409,154,,,0,33,,9390,154,,,0,73,,9394,154,,,0,73,,9395,154,,,0,33,,9392,154,,,0,73,,9388,154,,,0,33,,9402,154,,,0,73,,9406,154,,,0,33,,9399,154,,,0,73,,9410,154,,,0,33,,9396,154,,,0,73,,9391,154,,,0,73,,9397,163,,,0
100,'f7e5e6f9-100f-43d4-b32c-13a52a04d3e9',630,,9441,154,,,0,28,,9442,154,,,0,69,,9436,154,,,0,73,,9445,154,,,0,33,,9416,154,,,0,73,,9412,154,,,0,33,,9429,154,,,0,73,,9414,154,,,0,33,,9433,154,,,0,73,,9426,154,,,0,33,,9431,154,,,0,73,,9435,154,,,0,33,,9413,154,,,0,73,,9417,154,,,0,77,,9420,154,,,0,35,,9440,154,,,0,75,,9415,154,,,0,35,,9430,154,,,0,75,,9423,154,,,0,75,,9421,154,,,0,35,,9427,154,,,0,75,,9424,154,,,0,31,,9418,154,,,0,73,,9422,154,,,0,33,,9428,154,,,0,73,,9411,154,,,0,33,,9438,154,,,0,73,,9434,154,,,0,73,,9444,154,,,0,33,,9443,154,,,0,70,,9425,154,,,0,15,,9437,154,,,0,30,,9439,163,,,0
101,'0fbe59f6-d4bc-41cf-9d89-7119a6d1eb67',719,,9457,18,,,0,33,,9458,18,,,0,73,,9463,18,,,0,33,,9455,18,,,0,73,,9453,18,,,0,73,,9474,18,,,0,33,,9471,18,,,0,73,,9449,18,,,0,33,,9470,18,,,0,73,,9472,18,,,0,33,,9454,18,,,0,73,,9448,18,,,0,33,,9446,18,,,0,79,,9473,18,,,0,75,,9460,18,,,0,35,,9451,18,,,0,75,,9456,18,,,0,35,,9465,18,,,0,75,,9469,18,,,0,73,,9450,18,,,0,33,,9479,18,,,0,73,,9459,18,,,0,33,,9462,18,,,0,73,,9464,18,,,0,33,,9478,18,,,0,73,,9476,18,,,0,30,,9467,18,,,0,69,,9468,18,,,0,30,,9447,18,,,0,70,,9452,18,,,0,10,,9466,18,,,0
101,'79ca8b2f-a5ba-4317-be99-b99c34cbda89',752,,9482,18,,,0,73,,9491,18,,,0,33,,9481,18,,,0,73,,9498,18,,,0,73,,9488,18,,,0,33,,9501,18,,,0,73,,9489,18,,,0,33,,9495,18,,,0,73,,9499,18,,,0,33,,9487,18,,,0,73,,9480,18,,,0,33,,9484,18,,,0,73,,9500,18,,,0,73,,9493,18,,,0,33,,9497,18,,,0,73,,9483,18,,,0,33,,9494,18,,,0,73,,9490,18,,,0,33,,9485,18,,,0,73,,9496,18,,,0,33,,9486,18,,,0
101,'d0b31cb1-5133-4edf-a738-44ef9b24ca11',752,,9504,18,,,0,73,,9511,18,,,0,33,,9521,18,,,0,73,,9520,18,,,0,73,,9523,18,,,0,33,,9506,18,,,0,73,,9518,18,,,0,33,,9510,18,,,0,73,,9522,18,,,0,33,,9507,18,,,0,73,,9516,18,,,0,33,,9517,18,,,0,73,,9503,18,,,0,73,,9508,18,,,0,33,,9505,18,,,0,73,,9502,18,,,0,33,,9513,18,,,0,73,,9519,18,,,0,33,,9514,18,,,0,73,,9509,18,,,0,33,,9515,18,,,0
101,'f7e5e6f9-100f-43d4-b32c-13a52a04d3e9',610,,9553,18,,,0,36,,9528,18,,,0,73,,9552,18,,,0,33,,9554,18,,,0,73,,9525,18,,,0,33,,9543,18,,,0,73,,9535,18,,,0,73,,9547,18,,,0,33,,9556,18,,,0,73,,9527,18,,,0,33,,9536,18,,,0,73,,9541,18,,,0,33,,9524,18,,,0,75,,9550,18,,,0,35,,9538,18,,,0,75,,9532,18,,,0,75,,9526,18,,,0,35,,9534,18,,,0,75,,9531,18,,,0,35,,9539,18,,,0,75,,9548,18,,,0,73,,9551,18,,,0,33,,9557,18,,,0,73,,9546,18,,,0,33,,9549,18,,,0,73,,9533,18,,,0,33,,9545,18,,,0,73,,9542,18,,,0,30,,9529,18,,,0,69,,9530,18,,,0,30,,9555,18,,,0,70,,9540,18,,,0,10,,9558,18,,,0
1006000,'f7e5e6f9-100f-43d4-b32c-13a52a04d3e9',657,,10503,83,,,0,96,,10505,83,,,0,100,,10501,83,,,0,105,,10508,83,,,0,100,,10509,83,,,0,100,,10502,83,,,0,100,,10500,83,,,0,100,,10506,83,,,0,100,,10510,83,,,0,145,,10507,83,,,0,100,,10504,83,,,0,100,,10512,83,,,0,100,,10511,82,,,0
1006001,'f7e5e6f9-100f-43d4-b32c-13a52a04d3e9',608,,10521,110,,,0,50,,10522,110,,,0,100,,10519,110,,,0,145,,10513,110,,,0,100,,10520,110,,,0,100,,10514,110,,,0,100,,10523,110,,,0,100,,10517,110,,,0,100,,10515,110,,,0,105,,10516,110,,,0,100,,10524,110,,,0,100,,10518,110,,,0,100,,10525,110,,,0
3006000,'0fbe59f6-d4bc-41cf-9d89-7119a6d1eb67',704,,10621,7,,,0,41,,10637,7,,,0,85,,10643,7,,,0,85,,10623,7,,,0,85,,10641,7,,,0,45,,10633,7,,,0,85,,10627,7,,,0,85,,10631,7,,,0,85,,10635,7,,,0,45,,10625,7,,,0,85,,10629,7,,,0,85,,10626,7,,,0,85,,10624,7,,,0,45,,10640,7,,,0,85,,10632,7,,,0,85,,10636,7,,,0,85,,10630,7,,,0,45,,10642,7,,,0,85,,10638,7,,,0,85,,10622,7,,,0,85,,10634,7,,,0,45,,10639,7,,,0,85,,10628,8,,,0
3006000,'79ca8b2f-a5ba-4317-be99-b99c34cbda89',804,,10644,7,,,0,41,,10647,7,,,0,85,,10657,7,,,0,85,,10656,7,,,0,85,,10649,7,,,0,45,,10645,7,,,0,85,,10651,7,,,0,85,,10650,7,,,0,85,,10653,7,,,0,45,,10648,7,,,0,85,,10654,7,,,0,85,,10652,7,,,0,85,,10646,7,,,0,45,,10658,7,,,0,85,,10655,8,,,0
3006000,'d0b31cb1-5133-4edf-a738-44ef9b24ca11',804,,10669,7,,,0,41,,10663,7,,,0,85,,10660,7,,,0,85,,10673,7,,,0,85,,10672,7,,,0,45,,10666,7,,,0,85,,10668,7,,,0,85,,10659,7,,,0,85,,10662,7,,,0,45,,10671,7,,,0,85,,10661,7,,,0,85,,10667,7,,,0,85,,10664,7,,,0,45,,10670,7,,,0,85,,10665,8,,,0
3006000,'f7e5e6f9-100f-43d4-b32c-13a52a04d3e9',1945,,10676,7,,,0,85,,10675,7,,,0,85,,10677,7,,,0,85,,10679,7,,,0,45,,10678,7,,,0,85,,10674,8,,,0
3006001,'0fbe59f6-d4bc-41cf-9d89-7119a6d1eb67',732,,10682,85,,,0,85,,10694,85,,,0,85,,10683,85,,,0,45,,10695,85,,,0,85,,10692,85,,,0,85,,10699,85,,,0,85,,10680,85,,,0,45,,10696,85,,,0,85,,10691,85,,,0,85,,10693,85,,,0,85,,10697,85,,,0,45,,10681,85,,,0,85,,10698,85,,,0,85,,10689,85,,,0,85,,10701,85,,,0,45,,10690,85,,,0,85,,10688,85,,,0,85,,10700,85,,,0,85,,10686,85,,,0,45,,10685,85,,,0,85,,10684,85,,,0,85,,10687,85,,,0
3006001,'79ca8b2f-a5ba-4317-be99-b99c34cbda89',832,,10707,85,,,0,85,,10714,85,,,0,85,,10709,85,,,0,45,,10705,85,,,0,85,,10713,85,,,0,85,,10711,85,,,0,85,,10708,85,,,0,45,,10702,85,,,0,85,,10704,85,,,0,85,,10706,85,,,0,85,,10710,85,,,0,45,,10715,85,,,0,85,,10712,85,,,0,85,,10703,85,,,0
3006001,'d0b31cb1-5133-4edf-a738-44ef9b24ca11',832,,10726,85,,,0,85,,10720,85,,,0,85,,10716,85,,,0,45,,10721,85,,,0,85,,10722,85,,,0,85,,10724,85,,,0,85,,10718,85,,,0,45,,10725,85,,,0,85,,10727,85,,,0,85,,10719,85,,,0,85,,10729,85,,,0,45,,10717,85,,,0,85,,10723,85,,,0,85,,10728,85,,,0
3006001,'f7e5e6f9-100f-43d4-b32c-13a52a04d3e9',1932,,10730,85,,,0,85,,10734,85,,,0,85,,10732,85,,,0,45,,10735,85,,,0,85,,10733,85,,,0,85,,10731,85,,,0
