200,'208becb0-a2f3-4a1e-94d4-0c0b1bcc9f11',717,,8187,182,,,0,33,,8188,182,,,0,73,,8169,182,,,0,33,,8164,182,,,0,73,,8184,182,,,0,73,,8165,182,,,0,33,,8170,182,,,0,73,,8171,182,,,0,33,,8175,182,,,0,73,,8185,182,,,0,33,,8183,182,,,0,73,,8177,182,,,0,33,,8160,182,,,0,73,,8173,182,,,0,33,,8174,182,,,0,73,,8191,182,,,0,73,,8186,182,,,0,33,,8182,182,,,0,73,,8161,182,,,0,33,,8180,182,,,0,73,,8178,182,,,0,33,,8166,182,,,0,73,,8172,182,,,0,33,,8163,182,,,0,73,,8159,182,,,0,73,,8162,182,,,0,33,,8167,182,,,0,73,,8168,182,,,0,33,,8176,182,,,0,73,,8190,182,,,0,30,,8179,182,,,0
200,'25ce079e-2902-4561-b3b8-aaefe35358b8',823,,8194,182,,,0,33,,8211,182,,,0,73,,8192,182,,,0,73,,8203,182,,,0,33,,8204,182,,,0,73,,8202,182,,,0,33,,8210,182,,,0,73,,8209,182,,,0,33,,8213,182,,,0,73,,8197,182,,,0,33,,8199,182,,,0,73,,8195,182,,,0,33,,8212,182,,,0,73,,8200,182,,,0,73,,8205,182,,,0,33,,8193,182,,,0,73,,8206,182,,,0,33,,8207,182,,,0,73,,8198,182,,,0,33,,8201,182,,,0
200,'599df357-d0cf-4a96-9d21-3021fe181a26',618,,8221,182,,,0,26,,8215,182,,,0,73,,8247,182,,,0,33,,8244,182,,,0,73,,8232,182,,,0,33,,8224,182,,,0,73,,8236,182,,,0,73,,8226,182,,,0,33,,8248,182,,,0,73,,8241,182,,,0,33,,8222,182,,,0,73,,8227,182,,,0,33,,8240,182,,,0,73,,8231,182,,,0,33,,8245,182,,,0,73,,8243,182,,,0,33,,8229,182,,,0,73,,8246,182,,,0,73,,8230,182,,,0,33,,8216,182,,,0,73,,8220,182,,,0,33,,8239,182,,,0,73,,8242,182,,,0,33,,8228,182,,,0,73,,8223,182,,,0,33,,8218,182,,,0,73,,8214,182,,,0,73,,8237,182,,,0,33,,8219,182,,,0,73,,8225,182,,,0,33,,8233,182,,,0,73,,8238,182,,,0,30,,8217,182,,,0
200,'f1b8bc1c-304d-4ce4-ace6-7c20cda06a39',823,,8256,193,,,0,33,,8257,193,,,0,73,,8258,193,,,0,73,,8265,193,,,0,33,,8255,193,,,0,73,,8269,193,,,0,33,,8270,193,,,0,73,,8268,193,,,0,33,,8250,193,,,0,73,,8252,193,,,0,33,,8249,193,,,0,73,,8262,193,,,0,33,,8253,193,,,0,73,,8263,193,,,0,73,,8261,193,,,0,33,,8259,193,,,0,73,,8251,193,,,0,33,,8254,193,,,0,73,,8264,193,,,0,33,,8267,193,,,0
300,'208becb0-a2f3-4a1e-94d4-0c0b1bcc9f11',734,,8395,70,,,0,73,,8400,70,,,0,33,,8393,70,,,0,73,,8381,70,,,0,33,,8402,70,,,0,73,,8401,70,,,0,33,,8405,70,,,0,73,,8404,70,,,0,33,,8382,70,,,0,73,,8391,70,,,0,73,,8407,70,,,0,33,,8386,70,,,0,73,,8380,70,,,0,33,,8394,70,,,0,73,,8397,70,,,0,33,,8410,70,,,0,73,,8406,70,,,0,33,,8384,70,,,0,73,,8396,70,,,0,73,,8387,70,,,0,33,,8403,70,,,0,73,,8383,70,,,0,33,,8385,70,,,0,73,,8409,70,,,0,33,,8388,70,,,0,73,,8408,70,,,0,33,,8389,70,,,0,73,,8398,70,,,0,33,,8399,70,,,0,64,,8392,70,,,0,30,,8390,70,,,0
300,'25ce079e-2902-4561-b3b8-aaefe35358b8',807,,8422,70,,,0,33,,8411,70,,,0,73,,8420,70,,,0,33,,8427,70,,,0,73,,8412,70,,,0,33,,8416,70,,,0,73,,8430,70,,,0,33,,8428,70,,,0,73,,8423,70,,,0,73,,8421,70,,,0,33,,8414,70,,,0,73,,8418,70,,,0,33,,8425,70,,,0,73,,8419,70,,,0,33,,8424,70,,,0,73,,8415,70,,,0,33,,8413,70,,,0,73,,8429,70,,,0,73,,8417,70,,,0,33,,8431,70,,,0,68,,8426,70,,,0
300,'599df357-d0cf-4a96-9d21-3021fe181a26',628,,8458,70,,,0,74,,8435,70,,,0,32,,8451,70,,,0,73,,8449,70,,,0,33,,8454,70,,,0,73,,8443,70,,,0,33,,8446,70,,,0,73,,8461,70,,,0,33,,8442,70,,,0,73,,8441,70,,,0,33,,8462,70,,,0,73,,8445,70,,,0,73,,8433,70,,,0,33,,8434,70,,,0,73,,8450,70,,,0,33,,8436,70,,,0,73,,8437,70,,,0,33,,8456,70,,,0,73,,8438,70,,,0,33,,8459,70,,,0,73,,8455,70,,,0,73,,8463,70,,,0,33,,8432,70,,,0,73,,8439,70,,,0,33,,8447,70,,,0,73,,8460,70,,,0,33,,8453,70,,,0,73,,8444,70,,,0,33,,8464,70,,,0,73,,8440,70,,,0,33,,8452,70,,,0,64,,8448,70,,,0,30,,8457,70,,,0
300,'f1b8bc1c-304d-4ce4-ace6-7c20cda06a39',807,,8474,70,,,0,33,,8470,70,,,0,73,,8465,70,,,0,33,,8483,70,,,0,73,,8478,70,,,0,33,,8480,70,,,0,73,,8484,70,,,0,33,,8468,70,,,0,73,,8472,70,,,0,73,,8482,70,,,0,33,,8485,70,,,0,73,,8473,70,,,0,33,,8469,70,,,0,73,,8481,70,,,0,33,,8471,70,,,0,73,,8475,70,,,0,33,,8477,70,,,0,73,,8479,70,,,0,73,,8467,70,,,0,33,,8476,70,,,0,68,,8466,70,,,0
400,'208becb0-a2f3-4a1e-94d4-0c0b1bcc9f11',735,,8616,145,,,0,72,,8607,145,,,0,35,,8610,145,,,0,71,,8598,145,,,0,33,,8599,145,,,0,73,,8611,145,,,0,33,,8596,145,,,0,73,,8612,145,,,0,33,,8620,145,,,0,73,,8615,145,,,0,73,,8604,145,,,0,33,,8603,145,,,0,73,,8609,145,,,0,33,,8613,145,,,0,73,,8601,145,,,0,33,,8617,145,,,0,73,,8621,145,,,0,33,,8618,145,,,0,73,,8619,145,,,0,73,,8623,145,,,0,33,,8622,145,,,0,73,,8592,145,,,0,33,,8602,145,,,0,73,,8606,145,,,0,33,,8595,145,,,0,73,,8600,145,,,0,33,,8605,145,,,0,73,,8593,145,,,0,33,,8614,145,,,0,73,,8608,145,,,0,26,,8597,144,,,0
400,'25ce079e-2902-4561-b3b8-aaefe35358b8',842,,8631,145,,,0,71,,8639,145,,,0,33,,8630,145,,,0,73,,8642,145,,,0,33,,8633,145,,,0,73,,8643,145,,,0,33,,8637,145,,,0,73,,8629,145,,,0,73,,8640,145,,,0,33,,8625,145,,,0,73,,8641,145,,,0,33,,8638,145,,,0,73,,8624,145,,,0,33,,8628,145,,,0,73,,8632,145,,,0,33,,8626,145,,,0,73,,8636,145,,,0,73,,8634,145,,,0,33,,8635,145,,,0,73,,8627,144,,,0
400,'599df357-d0cf-4a96-9d21-3021fe181a26',637,,8664,145,,,0,65,,8658,145,,,0,33,,8671,145,,,0,72,,8667,145,,,0,34,,8654,145,,,0,72,,8651,145,,,0,33,,8647,145,,,0,73,,8650,145,,,0,33,,8648,145,,,0,73,,8660,145,,,0,33,,8656,145,,,0,73,,8675,145,,,0,73,,8657,145,,,0,33,,8669,145,,,0,73,,8659,145,,,0,33,,8674,145,,,0,73,,8655,145,,,0,33,,8663,145,,,0,73,,8645,145,,,0,33,,8668,145,,,0,73,,8653,145,,,0,73,,8662,145,,,0,33,,8677,145,,,0,73,,8665,145,,,0,33,,8649,145,,,0,73,,8661,145,,,0,33,,8673,145,,,0,73,,8666,145,,,0,33,,8644,145,,,0,73,,8652,145,,,0,33,,8676,145,,,0,73,,8670,145,,,0,26,,8672,144,,,0
400,'f1b8bc1c-304d-4ce4-ace6-7c20cda06a39',842,,8696,145,,,0,71,,8690,145,,,0,33,,8689,145,,,0,73,,8681,145,,,0,33,,8692,145,,,0,73,,8693,145,,,0,33,,8679,145,,,0,73,,8684,145,,,0,73,,8698,145,,,0,33,,8695,145,,,0,73,,8680,145,,,0,33,,8688,145,,,0,73,,8686,145,,,0,33,,8685,145,,,0,73,,8687,145,,,0,33,,8683,145,,,0,73,,8697,145,,,0,73,,8678,145,,,0,33,,8691,145,,,0,73,,8694,144,,,0
