100,'208becb0-a2f3-4a1e-94d4-0c0b1bcc9f11',729,,7935,164,,,0,73,,7940,164,,,0,33,,7937,164,,,0,73,,7959,164,,,0,33,,7952,164,,,0,73,,7957,164,,,0,33,,7965,164,,,0,73,,7941,164,,,0,33,,7958,164,,,0,73,,7962,164,,,0,33,,7944,164,,,0,73,,7938,164,,,0,73,,7951,164,,,0,33,,7961,164,,,0,73,,7963,164,,,0,33,,7946,164,,,0,73,,7966,164,,,0,33,,7948,164,,,0,73,,7956,164,,,0,33,,7955,164,,,0,73,,7939,164,,,0,73,,7954,164,,,0,33,,7947,164,,,0,73,,7953,164,,,0,33,,7936,164,,,0,73,,7945,164,,,0,33,,7934,164,,,0,73,,7964,164,,,0,33,,7943,164,,,0,70,,7949,164,,,0,30,,7950,173,,,0
100,'25ce079e-2902-4561-b3b8-aaefe35358b8',835,,7967,164,,,0,73,,7987,164,,,0,33,,7976,164,,,0,73,,7968,164,,,0,33,,7980,164,,,0,73,,7984,164,,,0,33,,7982,164,,,0,73,,7970,164,,,0,33,,7986,164,,,0,73,,7974,164,,,0,73,,7975,164,,,0,33,,7969,164,,,0,73,,7978,164,,,0,33,,7981,164,,,0,73,,7985,164,,,0,33,,7973,164,,,0,73,,7971,164,,,0,33,,7977,164,,,0,73,,7979,164,,,0,73,,7972,173,,,0
100,'599df357-d0cf-4a96-9d21-3021fe181a26',632,,8006,164,,,0,68,,7995,164,,,0,29,,8015,164,,,0,73,,8003,164,,,0,33,,8014,164,,,0,73,,8016,164,,,0,33,,7993,164,,,0,73,,8022,164,,,0,33,,7988,164,,,0,73,,8005,164,,,0,33,,8011,164,,,0,73,,7991,164,,,0,33,,8013,164,,,0,73,,8004,164,,,0,73,,7997,164,,,0,33,,8001,164,,,0,73,,7994,164,,,0,33,,8002,164,,,0,73,,8019,164,,,0,33,,8007,164,,,0,73,,8020,164,,,0,33,,8009,164,,,0,73,,7992,164,,,0,73,,7996,164,,,0,33,,8010,164,,,0,73,,8008,164,,,0,33,,7990,164,,,0,73,,7989,164,,,0,33,,8017,164,,,0,73,,8021,164,,,0,33,,7998,164,,,0,70,,8018,164,,,0,30,,8000,173,,,0
100,'f1b8bc1c-304d-4ce4-ace6-7c20cda06a39',835,,8030,164,,,0,73,,8031,164,,,0,33,,8040,164,,,0,73,,8034,164,,,0,33,,8039,164,,,0,73,,8045,164,,,0,33,,8043,164,,,0,73,,8042,164,,,0,33,,8038,164,,,0,73,,8029,164,,,0,73,,8025,164,,,0,33,,8033,164,,,0,73,,8044,164,,,0,33,,8028,164,,,0,73,,8041,164,,,0,33,,8024,164,,,0,73,,8035,164,,,0,33,,8036,164,,,0,73,,8032,164,,,0,73,,8023,173,,,0
301,'208becb0-a2f3-4a1e-94d4-0c0b1bcc9f11',735,,8508,58,,,0,73,,8497,58,,,0,33,,8488,58,,,0,73,,8498,58,,,0,33,,8491,58,,,0,73,,8516,58,,,0,33,,8501,58,,,0,73,,8486,58,,,0,33,,8514,58,,,0,73,,8500,58,,,0,73,,8510,58,,,0,33,,8504,58,,,0,73,,8509,58,,,0,33,,8493,58,,,0,73,,8495,58,,,0,33,,8505,58,,,0,73,,8503,58,,,0,33,,8496,58,,,0,73,,8513,58,,,0,73,,8487,58,,,0,33,,8512,58,,,0,73,,8494,58,,,0,33,,8515,58,,,0,73,,8489,58,,,0,33,,8511,58,,,0,73,,8492,58,,,0,33,,8507,58,,,0,73,,8502,58,,,0,30,,8499,58,,,0,70,,8506,58,,,0,30,,8490,58,,,0
301,'25ce079e-2902-4561-b3b8-aaefe35358b8',808,,8530,58,,,0,33,,8536,58,,,0,73,,8537,58,,,0,33,,8517,58,,,0,73,,8532,58,,,0,33,,8518,58,,,0,73,,8521,58,,,0,33,,8529,58,,,0,73,,8522,58,,,0,73,,8519,58,,,0,33,,8525,58,,,0,73,,8520,58,,,0,33,,8531,58,,,0,73,,8533,58,,,0,33,,8526,58,,,0,73,,8528,58,,,0,33,,8523,58,,,0,73,,8534,58,,,0,73,,8535,58,,,0,33,,8527,58,,,0,65,,8524,58,,,0
301,'599df357-d0cf-4a96-9d21-3021fe181a26',630,,8568,58,,,0,72,,8550,58,,,0,33,,8557,58,,,0,73,,8563,58,,,0,33,,8543,58,,,0,73,,8549,58,,,0,33,,8548,58,,,0,73,,8558,58,,,0,33,,8555,58,,,0,73,,8553,58,,,0,33,,8560,58,,,0,73,,8564,58,,,0,73,,8566,58,,,0,33,,8569,58,,,0,73,,8546,58,,,0,33,,8551,58,,,0,73,,8542,58,,,0,33,,8562,58,,,0,73,,8544,58,,,0,33,,8559,58,,,0,73,,8552,58,,,0,73,,8547,58,,,0,33,,8554,58,,,0,73,,8561,58,,,0,33,,8540,58,,,0,73,,8545,58,,,0,33,,8541,58,,,0,73,,8538,58,,,0,33,,8570,58,,,0,73,,8556,58,,,0,30,,8539,58,,,0,70,,8565,58,,,0,30,,8567,58,,,0
301,'f1b8bc1c-304d-4ce4-ace6-7c20cda06a39',808,,8571,58,,,0,33,,8574,58,,,0,73,,8588,58,,,0,33,,8589,58,,,0,73,,8579,58,,,0,33,,8578,58,,,0,73,,8577,58,,,0,33,,8572,58,,,0,73,,8580,58,,,0,73,,8576,58,,,0,33,,8575,58,,,0,73,,8590,58,,,0,33,,8582,58,,,0,73,,8585,58,,,0,33,,8584,58,,,0,73,,8586,58,,,0,33,,8583,58,,,0,73,,8591,58,,,0,73,,8581,58,,,0,33,,8573,58,,,0,65,,8587,58,,,0
3006001,'208becb0-a2f3-4a1e-94d4-0c0b1bcc9f11',734,,9283,93,,,0,85,,9292,93,,,0,85,,9296,93,,,0,45,,9289,93,,,0,85,,9288,93,,,0,85,,9290,93,,,0,85,,9299,93,,,0,45,,9291,93,,,0,85,,9286,93,,,0,85,,9294,93,,,0,85,,9293,93,,,0,45,,9278,93,,,0,85,,9295,93,,,0,85,,9297,93,,,0,85,,9284,93,,,0,45,,9285,93,,,0,85,,9280,93,,,0,85,,9281,93,,,0,85,,9298,93,,,0,45,,9279,93,,,0,85,,9287,93,,,0,85,,9282,93,,,0
3006001,'25ce079e-2902-4561-b3b8-aaefe35358b8',834,,9305,93,,,0,85,,9300,93,,,0,85,,9308,93,,,0,45,,9309,93,,,0,85,,9301,93,,,0,85,,9312,93,,,0,85,,9313,93,,,0,45,,9307,93,,,0,85,,9302,93,,,0,85,,9306,93,,,0,85,,9304,93,,,0,45,,9303,93,,,0,85,,9310,93,,,0,85,,9311,93,,,0
3006001,'599df357-d0cf-4a96-9d21-3021fe181a26',1934,,9314,93,,,0,85,,9318,93,,,0,85,,9319,93,,,0,45,,9315,93,,,0,85,,9317,93,,,0,85,,9316,93,,,0
3006001,'f1b8bc1c-304d-4ce4-ace6-7c20cda06a39',834,,9322,93,,,0,85,,9324,93,,,0,85,,9331,93,,,0,45,,9329,93,,,0,85,,9328,93,,,0,85,,9333,93,,,0,85,,9321,93,,,0,45,,9325,93,,,0,85,,9330,93,,,0,85,,9323,93,,,0,85,,9326,93,,,0,45,,9327,93,,,0,85,,9332,93,,,0,85,,9320,93,,,0
