200,'0fbe59f6-d4bc-41cf-9d89-7119a6d1eb67',719,,9585,198,,,0,33,,9562,198,,,0,73,,9559,198,,,0,33,,9571,199,,,0,73,,9580,199,,,0,73,,9569,199,,,0,33,,9591,199,,,0,73,,9592,199,,,0,33,,9573,199,,,0,73,,9565,199,,,0,33,,9564,199,,,0,73,,9572,199,,,0,78,,9590,199,,,0,35,,9575,199,,,0,75,,9567,199,,,0,35,,9568,199,,,0,75,,9560,199,,,0,35,,9576,199,,,0,75,,9563,199,,,0,75,,9581,199,,,0,30,,9582,199,,,0,73,,9584,199,,,0,33,,9566,198,,,0,73,,9577,198,,,0,33,,9589,198,,,0,73,,9586,198,,,0,33,,9570,198,,,0,73,,9578,198,,,0,27,,9588,198,,,0,66,,9583,198,,,0,30,,9587,199,,,0
200,'79ca8b2f-a5ba-4317-be99-b99c34cbda89',825,,9606,198,,,0,33,,9601,198,,,0,73,,9595,198,,,0,73,,9610,198,,,0,33,,9602,198,,,0,73,,9609,198,,,0,33,,9605,198,,,0,73,,9596,198,,,0,33,,9614,198,,,0,73,,9612,198,,,0,33,,9599,198,,,0,73,,9598,198,,,0,73,,9597,198,,,0,33,,9611,198,,,0,73,,9593,198,,,0,33,,9613,198,,,0,73,,9594,198,,,0,33,,9604,198,,,0,73,,9603,198,,,0,33,,9607,199,,,0
200,'d0b31cb1-5133-4edf-a738-44ef9b24ca11',825,,9633,198,,,0,33,,9628,198,,,0,73,,9632,198,,,0,73,,9620,198,,,0,33,,9619,198,,,0,73,,9617,198,,,0,33,,9621,198,,,0,73,,9634,198,,,0,33,,9626,198,,,0,73,,9627,198,,,0,33,,9625,198,,,0,73,,9630,198,,,0,73,,9624,198,,,0,33,,9635,198,,,0,73,,9636,198,,,0,33,,9618,198,,,0,73,,9631,198,,,0,33,,9623,198,,,0,73,,9616,198,,,0,33,,9615,199,,,0
200,'f7e5e6f9-100f-43d4-b32c-13a52a04d3e9',620,,9648,198,,,0,24,,9649,199,,,0,75,,9654,199,,,0,33,,9650,199,,,0,73,,9667,199,,,0,33,,9668,199,,,0,73,,9663,199,,,0,73,,9653,199,,,0,33,,9656,199,,,0,73,,9639,199,,,0,33,,9641,199,,,0,73,,9642,199,,,0,33,,9652,199,,,0,73,,9670,199,,,0,78,,9666,199,,,0,35,,9643,199,,,0,75,,9647,199,,,0,35,,9661,199,,,0,75,,9664,199,,,0,35,,9637,199,,,0,75,,9646,199,,,0,75,,9657,199,,,0,30,,9659,199,,,0,73,,9651,199,,,0,33,,9665,198,,,0,73,,9669,198,,,0,33,,9638,198,,,0,73,,9662,198,,,0,33,,9645,198,,,0,73,,9658,198,,,0,27,,9644,198,,,0,66,,9671,198,,,0,30,,9660,199,,,0
300,'0fbe59f6-d4bc-41cf-9d89-7119a6d1eb67',736,,9801,78,,,0,73,,9800,78,,,0,33,,9804,78,,,0,73,,9793,78,,,0,33,,9803,78,,,0,73,,9808,78,,,0,33,,9784,78,,,0,73,,9781,78,,,0,73,,9797,78,,,0,33,,9794,78,,,0,73,,9802,78,,,0,38,,9811,78,,,0,75,,9787,78,,,0,35,,9783,78,,,0,75,,9789,78,,,0,75,,9788,78,,,0,35,,9809,78,,,0,75,,9785,78,,,0,35,,9795,78,,,0,73,,9792,78,,,0,32,,9782,78,,,0,74,,9807,78,,,0,73,,9791,78,,,0,33,,9810,78,,,0,73,,9806,78,,,0,33,,9798,78,,,0,73,,9796,78,,,0,28,,9805,78,,,0,65,,9786,78,,,0,20,,9799,78,,,0,30,,9790,78,,,0
300,'79ca8b2f-a5ba-4317-be99-b99c34cbda89',809,,9824,78,,,0,33,,9819,78,,,0,73,,9827,78,,,0,33,,9813,78,,,0,73,,9814,78,,,0,33,,9816,78,,,0,73,,9818,78,,,0,73,,9820,78,,,0,33,,9823,78,,,0,73,,9822,78,,,0,33,,9828,78,,,0,73,,9821,78,,,0,33,,9826,78,,,0,73,,9829,78,,,0,33,,9815,78,,,0,73,,9832,78,,,0,33,,9825,78,,,0,73,,9831,78,,,0,73,,9812,78,,,0,33,,9830,78,,,0,68,,9817,78,,,0
300,'d0b31cb1-5133-4edf-a738-44ef9b24ca11',809,,9835,78,,,0,33,,9851,78,,,0,73,,9850,78,,,0,33,,9844,78,,,0,73,,9837,78,,,0,33,,9840,78,,,0,73,,9849,78,,,0,73,,9853,78,,,0,33,,9847,78,,,0,73,,9833,78,,,0,33,,9843,78,,,0,73,,9834,78,,,0,33,,9846,78,,,0,73,,9848,78,,,0,33,,9836,78,,,0,73,,9841,78,,,0,33,,9839,78,,,0,73,,9852,78,,,0,73,,9842,78,,,0,33,,9845,78,,,0,68,,9838,78,,,0
300,'f7e5e6f9-100f-43d4-b32c-13a52a04d3e9',630,,9855,78,,,0,74,,9885,78,,,0,32,,9876,78,,,0,73,,9862,78,,,0,33,,9868,78,,,0,73,,9880,78,,,0,33,,9866,78,,,0,73,,9878,78,,,0,33,,9857,78,,,0,73,,9867,78,,,0,73,,9882,78,,,0,33,,9865,78,,,0,73,,9858,78,,,0,38,,9881,78,,,0,75,,9869,78,,,0,35,,9854,78,,,0,75,,9863,78,,,0,75,,9874,78,,,0,35,,9886,78,,,0,75,,9883,78,,,0,35,,9864,78,,,0,73,,9861,78,,,0,32,,9879,78,,,0,74,,9856,78,,,0,73,,9860,78,,,0,33,,9873,78,,,0,73,,9884,78,,,0,33,,9875,78,,,0,73,,9870,78,,,0,28,,9871,78,,,0,65,,9859,78,,,0,20,,9877,78,,,0,30,,9872,78,,,0
400,'0fbe59f6-d4bc-41cf-9d89-7119a6d1eb67',737,,9996,148,,,0,72,,10005,148,,,0,35,,10012,148,,,0,71,,9994,148,,,0,33,,10016,148,,,0,73,,10001,148,,,0,33,,9995,148,,,0,73,,10017,148,,,0,73,,10004,148,,,0,33,,10024,148,,,0,73,,9993,148,,,0,33,,10013,148,,,0,73,,9999,148,,,0,37,,10023,148,,,0,78,,10007,148,,,0,76,,10019,148,,,0,36,,10008,148,,,0,75,,10002,148,,,0,35,,10011,148,,,0,71,,10009,148,,,0,34,,10006,148,,,0,75,,10014,148,,,0,72,,10022,148,,,0,32,,10003,148,,,0,74,,10021,148,,,0,33,,10018,148,,,0,73,,9998,148,,,0,24,,10000,148,,,0,70,,10020,148,,,0,25,,10015,148,,,0,27,,9997,147,,,0
400,'79ca8b2f-a5ba-4317-be99-b99c34cbda89',844,,10029,148,,,0,71,,10035,148,,,0,33,,10027,148,,,0,73,,10039,148,,,0,33,,10026,148,,,0,73,,10038,148,,,0,73,,10041,148,,,0,33,,10032,148,,,0,73,,10040,148,,,0,33,,10030,148,,,0,73,,10031,148,,,0,33,,10034,148,,,0,73,,10033,148,,,0,33,,10037,148,,,0,73,,10036,148,,,0,33,,10025,148,,,0,73,,10044,148,,,0,73,,10042,148,,,0,33,,10043,148,,,0,73,,10028,147,,,0
400,'d0b31cb1-5133-4edf-a738-44ef9b24ca11',844,,10056,148,,,0,71,,10057,148,,,0,33,,10047,148,,,0,73,,10052,148,,,0,33,,10051,148,,,0,73,,10053,148,,,0,73,,10049,148,,,0,33,,10045,148,,,0,73,,10055,148,,,0,33,,10065,148,,,0,73,,10059,148,,,0,33,,10054,148,,,0,73,,10050,148,,,0,33,,10061,148,,,0,73,,10048,148,,,0,33,,10064,148,,,0,73,,10046,148,,,0,73,,10058,148,,,0,33,,10062,148,,,0,73,,10060,147,,,0
400,'f7e5e6f9-100f-43d4-b32c-13a52a04d3e9',639,,10100,148,,,0,65,,10084,148,,,0,33,,10070,148,,,0,72,,10094,148,,,0,34,,10093,148,,,0,72,,10077,148,,,0,33,,10092,148,,,0,73,,10087,148,,,0,33,,10066,148,,,0,73,,10099,148,,,0,73,,10082,148,,,0,33,,10068,148,,,0,73,,10076,148,,,0,33,,10095,148,,,0,73,,10075,148,,,0,37,,10088,148,,,0,78,,10085,148,,,0,76,,10080,148,,,0,36,,10098,148,,,0,75,,10081,148,,,0,35,,10086,148,,,0,71,,10079,148,,,0,34,,10071,148,,,0,75,,10067,148,,,0,72,,10069,148,,,0,32,,10073,148,,,0,74,,10097,148,,,0,33,,10089,148,,,0,73,,10096,148,,,0,24,,10083,148,,,0,70,,10091,148,,,0,25,,10078,148,,,0,27,,10072,147,,,0
