100,'208becb0-a2f3-4a1e-94d4-0c0b1bcc9f11',713,,7935,104,,,0,33,,7940,104,,,0,73,,7937,104,,,0,33,,7959,104,,,0,73,,7952,104,,,0,33,,7957,104,,,0,73,,7965,104,,,0,73,,7941,104,,,0,33,,7958,104,,,0,73,,7962,104,,,0,33,,7944,104,,,0,73,,7938,104,,,0,33,,7951,104,,,0,73,,7961,104,,,0,33,,7963,104,,,0,73,,7942,104,,,0,73,,7966,104,,,0,33,,7948,104,,,0,73,,7956,104,,,0,33,,7955,104,,,0,73,,7939,104,,,0,33,,7954,104,,,0,73,,7947,104,,,0,33,,7953,104,,,0,73,,7936,104,,,0,33,,7945,104,,,0,73,,7934,104,,,0,73,,7964,104,,,0,33,,7943,104,,,0,70,,7949,104,,,0,30,,7950,113,,,0,63,,7960,113,,,0
100,'25ce079e-2902-4561-b3b8-aaefe35358b8',819,,7967,104,,,0,33,,7987,104,,,0,73,,7976,104,,,0,33,,7968,104,,,0,73,,7980,104,,,0,73,,7984,104,,,0,33,,7982,104,,,0,73,,7970,104,,,0,33,,7986,104,,,0,73,,7974,104,,,0,33,,7975,104,,,0,73,,7969,104,,,0,33,,7978,104,,,0,73,,7981,104,,,0,73,,7985,104,,,0,33,,7973,104,,,0,73,,7971,104,,,0,33,,7977,104,,,0,73,,7979,104,,,0,33,,7972,113,,,0,65,,7983,113,,,0
100,'599df357-d0cf-4a96-9d21-3021fe181a26',616,,8006,104,,,0,28,,7995,104,,,0,69,,8015,104,,,0,33,,8003,104,,,0,73,,8014,104,,,0,33,,8016,104,,,0,73,,7993,104,,,0,33,,8022,104,,,0,73,,7988,104,,,0,73,,8005,104,,,0,33,,8011,104,,,0,73,,7991,104,,,0,33,,8013,104,,,0,73,,8004,104,,,0,33,,7997,104,,,0,73,,8001,104,,,0,33,,7994,104,,,0,73,,8002,104,,,0,73,,8012,104,,,0,33,,8007,104,,,0,73,,8020,104,,,0,33,,8009,104,,,0,73,,7992,104,,,0,33,,7996,104,,,0,73,,8010,104,,,0,33,,8008,104,,,0,73,,7990,104,,,0,33,,7989,104,,,0,73,,8017,104,,,0,73,,8021,104,,,0,33,,7998,104,,,0,70,,8018,104,,,0,30,,8000,113,,,0,63,,7999,113,,,0
100,'f1b8bc1c-304d-4ce4-ace6-7c20cda06a39',819,,8030,104,,,0,33,,8031,104,,,0,73,,8040,104,,,0,33,,8034,104,,,0,73,,8039,104,,,0,73,,8045,104,,,0,33,,8043,104,,,0,73,,8042,104,,,0,33,,8038,104,,,0,73,,8027,104,,,0,33,,8026,104,,,0,73,,8033,104,,,0,33,,8044,104,,,0,73,,8028,104,,,0,73,,8041,104,,,0,33,,8024,104,,,0,73,,8035,104,,,0,33,,8036,104,,,0,73,,8032,104,,,0,33,,8023,113,,,0,65,,8037,113,,,0
200,'208becb0-a2f3-4a1e-94d4-0c0b1bcc9f11',729,,8188,96,,,0,73,,8169,96,,,0,33,,8164,96,,,0,73,,8184,96,,,0,33,,8165,96,,,0,73,,8170,96,,,0,33,,8171,96,,,0,73,,8175,96,,,0,33,,8185,96,,,0,73,,8183,96,,,0,33,,8177,96,,,0,73,,8160,96,,,0,73,,8173,96,,,0,33,,8174,96,,,0,73,,8158,96,,,0,33,,8189,96,,,0,73,,8182,96,,,0,33,,8161,96,,,0,73,,8180,96,,,0,33,,8178,96,,,0,73,,8166,96,,,0,73,,8172,96,,,0,33,,8163,96,,,0,73,,8159,96,,,0,33,,8162,96,,,0,73,,8167,96,,,0,33,,8168,96,,,0,73,,8176,96,,,0,33,,8190,96,,,0,70,,8179,96,,,0,23,,8181,96,,,0
200,'25ce079e-2902-4561-b3b8-aaefe35358b8',835,,8211,96,,,0,73,,8192,96,,,0,33,,8203,96,,,0,73,,8204,96,,,0,33,,8202,96,,,0,73,,8210,96,,,0,33,,8209,96,,,0,73,,8213,96,,,0,33,,8197,96,,,0,73,,8196,96,,,0,73,,8195,96,,,0,33,,8212,96,,,0,73,,8200,96,,,0,33,,8205,96,,,0,73,,8193,96,,,0,33,,8206,96,,,0,73,,8207,96,,,0,33,,8198,96,,,0,73,,8201,96,,,0,28,,8208,96,,,0
200,'599df357-d0cf-4a96-9d21-3021fe181a26',623,,8215,96,,,0,33,,8247,96,,,0,73,,8244,96,,,0,73,,8232,96,,,0,33,,8224,96,,,0,73,,8236,96,,,0,33,,8226,96,,,0,73,,8248,96,,,0,33,,8241,96,,,0,73,,8222,96,,,0,33,,8227,96,,,0,73,,8240,96,,,0,33,,8231,96,,,0,73,,8235,96,,,0,73,,8243,96,,,0,33,,8229,96,,,0,73,,8246,96,,,0,33,,8230,96,,,0,73,,8216,96,,,0,33,,8220,96,,,0,73,,8239,96,,,0,33,,8242,96,,,0,73,,8228,96,,,0,73,,8223,96,,,0,33,,8218,96,,,0,73,,8214,96,,,0,33,,8237,96,,,0,73,,8219,96,,,0,33,,8225,96,,,0,73,,8233,96,,,0,33,,8238,96,,,0,70,,8217,96,,,0,23,,8234,96,,,0
200,'f1b8bc1c-304d-4ce4-ace6-7c20cda06a39',835,,8257,96,,,0,73,,8258,96,,,0,33,,8265,96,,,0,73,,8255,96,,,0,33,,8269,96,,,0,73,,8270,96,,,0,33,,8268,96,,,0,73,,8250,96,,,0,33,,8252,96,,,0,73,,8260,96,,,0,73,,8262,96,,,0,33,,8253,96,,,0,73,,8263,96,,,0,33,,8261,96,,,0,73,,8259,96,,,0,33,,8251,96,,,0,73,,8254,96,,,0,33,,8264,96,,,0,73,,8267,96,,,0,28,,8266,96,,,0
1006001,'599df357-d0cf-4a96-9d21-3021fe181a26',646,,9118,4,,,0,100,,9112,4,,,0,100,,9113,4,,,0,100,,9116,4,,,0,100,,9119,4,,,0,100,,9114,4,,,0,100,,9120,4,,,0,100,,9111,4,,,0,100,,9121,4,,,0,100,,9122,4,,,0,100,,9115,4,,,0,100,,9123,4,,,0
2006001,'599df357-d0cf-4a96-9d21-3021fe181a26',716,,9173,5,,,0,100,,9176,5,,,0,100,,9177,5,,,0,100,,9180,5,,,0,100,,9175,5,,,0,100,,9182,5,,,0,100,,9181,5,,,0,100,,9184,5,,,0,100,,9174,5,,,0,100,,9179,5,,,0,100,,9172,5,,,0,100,,9183,5,,,0
3006001,'208becb0-a2f3-4a1e-94d4-0c0b1bcc9f11',721,,9283,7,,,0,85,,9292,7,,,0,45,,9296,7,,,0,85,,9289,7,,,0,85,,9288,7,,,0,85,,9290,7,,,0,45,,9299,7,,,0,85,,9291,7,,,0,85,,9286,7,,,0,85,,9294,7,,,0,45,,9293,7,,,0,85,,9278,7,,,0,85,,9295,7,,,0,85,,9297,7,,,0,45,,9284,7,,,0,85,,9285,7,,,0,85,,9280,7,,,0,85,,9281,7,,,0,45,,9298,7,,,0,85,,9279,7,,,0,85,,9287,7,,,0,85,,9282,7,,,0
3006001,'25ce079e-2902-4561-b3b8-aaefe35358b8',821,,9305,7,,,0,85,,9300,7,,,0,45,,9308,7,,,0,85,,9309,7,,,0,85,,9301,7,,,0,85,,9312,7,,,0,45,,9313,7,,,0,85,,9307,7,,,0,85,,9302,7,,,0,85,,9306,7,,,0,45,,9304,7,,,0,85,,9303,7,,,0,85,,9310,7,,,0,85,,9311,7,,,0
3006001,'599df357-d0cf-4a96-9d21-3021fe181a26',1921,,9314,7,,,0,85,,9318,7,,,0,45,,9319,7,,,0,85,,9315,7,,,0,85,,9317,7,,,0,85,,9316,7,,,0
3006001,'f1b8bc1c-304d-4ce4-ace6-7c20cda06a39',821,,9322,7,,,0,85,,9324,7,,,0,45,,9331,7,,,0,85,,9329,7,,,0,85,,9328,7,,,0,85,,9333,7,,,0,45,,9321,7,,,0,85,,9325,7,,,0,85,,9330,7,,,0,85,,9323,7,,,0,45,,9326,7,,,0,85,,9327,7,,,0,85,,9332,7,,,0,85,,9320,7,,,0
