101,'0fbe59f6-d4bc-41cf-9d89-7119a6d1eb67',715,,9457,3,,,0,33,,9458,3,,,0,73,,9463,3,,,0,33,,9455,3,,,0,73,,9453,3,,,0,73,,9474,3,,,0,33,,9471,3,,,0,73,,9449,3,,,0,33,,9470,3,,,0,73,,9472,3,,,0,33,,9454,3,,,0,74,,9448,3,,,0,35,,9446,3,,,0,76,,9473,3,,,0,75,,9460,3,,,0,35,,9451,3,,,0,75,,9456,3,,,0,35,,9465,3,,,0,75,,9469,3,,,0,33,,9450,3,,,0,73,,9479,3,,,0,73,,9459,3,,,0,33,,9462,3,,,0,73,,9464,3,,,0,33,,9478,3,,,0,73,,9476,3,,,0,30,,9467,3,,,0,69,,9468,3,,,0,30,,9447,3,,,0,70,,9452,3,,,0,10,,9466,3,,,0
101,'79ca8b2f-a5ba-4317-be99-b99c34cbda89',748,,9482,3,,,0,73,,9491,3,,,0,33,,9481,3,,,0,73,,9498,3,,,0,73,,9488,3,,,0,33,,9501,3,,,0,73,,9489,3,,,0,33,,9495,3,,,0,73,,9499,3,,,0,33,,9487,3,,,0,73,,9480,3,,,0,33,,9484,3,,,0,73,,9500,3,,,0,33,,9493,3,,,0,73,,9497,3,,,0,73,,9483,3,,,0,33,,9494,3,,,0,73,,9490,3,,,0,33,,9485,3,,,0,73,,9496,3,,,0,33,,9486,3,,,0
101,'d0b31cb1-5133-4edf-a738-44ef9b24ca11',748,,9504,3,,,0,73,,9511,3,,,0,33,,9521,3,,,0,73,,9520,3,,,0,73,,9523,3,,,0,33,,9506,3,,,0,73,,9518,3,,,0,33,,9510,3,,,0,73,,9522,3,,,0,33,,9507,3,,,0,73,,9516,3,,,0,33,,9517,3,,,0,73,,9503,3,,,0,33,,9508,3,,,0,73,,9505,3,,,0,73,,9502,3,,,0,33,,9513,3,,,0,73,,9519,3,,,0,33,,9514,3,,,0,73,,9509,3,,,0,33,,9515,3,,,0
101,'f7e5e6f9-100f-43d4-b32c-13a52a04d3e9',606,,9553,3,,,0,36,,9528,3,,,0,73,,9552,3,,,0,33,,9554,3,,,0,73,,9525,3,,,0,33,,9543,3,,,0,73,,9535,3,,,0,73,,9547,3,,,0,33,,9556,3,,,0,73,,9527,3,,,0,33,,9536,3,,,0,73,,9541,3,,,0,33,,9524,3,,,0,75,,9550,3,,,0,35,,9538,3,,,0,75,,9532,3,,,0,75,,9526,3,,,0,35,,9534,3,,,0,75,,9531,3,,,0,35,,9539,3,,,0,75,,9548,3,,,0,33,,9551,3,,,0,73,,9557,3,,,0,73,,9546,3,,,0,33,,9549,3,,,0,73,,9533,3,,,0,33,,9545,3,,,0,73,,9542,3,,,0,30,,9529,3,,,0,69,,9530,3,,,0,30,,9555,3,,,0,70,,9540,3,,,0,10,,9558,3,,,0
300,'0fbe59f6-d4bc-41cf-9d89-7119a6d1eb67',712,,9801,2,,,0,33,,9800,2,,,0,73,,9804,2,,,0,33,,9793,2,,,0,73,,9803,2,,,0,33,,9808,2,,,0,73,,9784,2,,,0,73,,9781,2,,,0,33,,9797,2,,,0,73,,9794,2,,,0,33,,9802,2,,,0,76,,9811,2,,,0,35,,9787,2,,,0,75,,9783,2,,,0,75,,9789,2,,,0,35,,9788,2,,,0,75,,9809,2,,,0,35,,9785,2,,,0,75,,9795,2,,,0,35,,9792,2,,,0,72,,9782,2,,,0,74,,9807,2,,,0,33,,9791,2,,,0,73,,9810,2,,,0,33,,9806,2,,,0,73,,9798,2,,,0,33,,9796,2,,,0,73,,9805,2,,,0,25,,9786,2,,,0,60,,9799,2,,,0,30,,9790,2,,,0
300,'79ca8b2f-a5ba-4317-be99-b99c34cbda89',745,,9824,2,,,0,73,,9819,2,,,0,33,,9827,2,,,0,73,,9813,2,,,0,33,,9814,2,,,0,73,,9816,2,,,0,73,,9818,2,,,0,33,,9820,2,,,0,73,,9823,2,,,0,33,,9822,2,,,0,73,,9828,2,,,0,33,,9821,2,,,0,73,,9826,2,,,0,33,,9829,2,,,0,73,,9815,2,,,0,73,,9832,2,,,0,33,,9825,2,,,0,73,,9831,2,,,0,33,,9812,2,,,0,73,,9830,2,,,0,28,,9817,2,,,0
300,'d0b31cb1-5133-4edf-a738-44ef9b24ca11',745,,9835,2,,,0,73,,9851,2,,,0,33,,9850,2,,,0,73,,9844,2,,,0,33,,9837,2,,,0,73,,9840,2,,,0,73,,9849,2,,,0,33,,9853,2,,,0,73,,9847,2,,,0,33,,9833,2,,,0,73,,9843,2,,,0,33,,9834,2,,,0,73,,9846,2,,,0,33,,9848,2,,,0,73,,9836,2,,,0,73,,9841,2,,,0,33,,9839,2,,,0,73,,9852,2,,,0,33,,9842,2,,,0,73,,9845,2,,,0,28,,9838,2,,,0
300,'f7e5e6f9-100f-43d4-b32c-13a52a04d3e9',606,,9855,2,,,0,34,,9885,2,,,0,72,,9876,2,,,0,33,,9862,2,,,0,73,,9868,2,,,0,33,,9880,2,,,0,73,,9866,2,,,0,33,,9878,2,,,0,73,,9857,2,,,0,73,,9867,2,,,0,33,,9882,2,,,0,73,,9865,2,,,0,33,,9858,2,,,0,76,,9881,2,,,0,35,,9869,2,,,0,75,,9854,2,,,0,75,,9863,2,,,0,35,,9874,2,,,0,75,,9886,2,,,0,35,,9883,2,,,0,75,,9864,2,,,0,35,,9861,2,,,0,72,,9879,2,,,0,74,,9856,2,,,0,33,,9860,2,,,0,73,,9873,2,,,0,33,,9884,2,,,0,73,,9875,2,,,0,33,,9870,2,,,0,73,,9871,2,,,0,25,,9859,2,,,0,60,,9877,2,,,0,30,,9872,2,,,0
1006000,'f7e5e6f9-100f-43d4-b32c-13a52a04d3e9',645,,10503,4,,,0,96,,10505,4,,,0,100,,10501,4,,,0,105,,10508,4,,,0,100,,10509,4,,,0,100,,10502,4,,,0,100,,10500,4,,,0,100,,10506,4,,,0,100,,10510,4,,,0,105,,10507,4,,,0,100,,10504,4,,,0,100,,10512,4,,,0,100,,10511,4,,,0
1006100,'f7e5e6f9-100f-43d4-b32c-13a52a04d3e9',645,,10527,5,,,0,80,,10540,5,,,0,85,,10528,5,,,0,45,,10535,5,,,0,85,,10536,5,,,0,85,,10538,5,,,0,85,,10542,5,,,0,45,,10531,5,,,0,85,,10530,5,,,0,85,,10532,5,,,0,85,,10539,5,,,0,45,,10526,5,,,0,85,,10533,5,,,0,85,,10537,5,,,0,85,,10529,5,,,0,45,,10534,5,,,0,85,,10541,5,,,0
2006000,'f7e5e6f9-100f-43d4-b32c-13a52a04d3e9',621,,10573,4,,,0,93,,10567,4,,,0,100,,10563,4,,,0,105,,10568,4,,,0,100,,10569,4,,,0,100,,10571,4,,,0,100,,10565,4,,,0,100,,10564,4,,,0,100,,10572,4,,,0,105,,10566,4,,,0,100,,10562,4,,,0,100,,10561,4,,,0,100,,10570,4,,,0
3006000,'0fbe59f6-d4bc-41cf-9d89-7119a6d1eb67',700,,10621,2,,,0,41,,10637,2,,,0,85,,10643,2,,,0,85,,10623,2,,,0,45,,10641,2,,,0,85,,10633,2,,,0,85,,10627,2,,,0,85,,10631,2,,,0,45,,10635,2,,,0,85,,10625,2,,,0,85,,10629,2,,,0,85,,10626,2,,,0,45,,10624,2,,,0,85,,10640,2,,,0,85,,10632,2,,,0,85,,10636,2,,,0,45,,10630,2,,,0,85,,10642,2,,,0,85,,10638,2,,,0,85,,10622,2,,,0,45,,10634,2,,,0,85,,10639,2,,,0,85,,10628,2,,,0
3006000,'79ca8b2f-a5ba-4317-be99-b99c34cbda89',800,,10644,2,,,0,41,,10647,2,,,0,85,,10657,2,,,0,85,,10656,2,,,0,45,,10649,2,,,0,85,,10645,2,,,0,85,,10651,2,,,0,85,,10650,2,,,0,45,,10653,2,,,0,85,,10648,2,,,0,85,,10654,2,,,0,85,,10652,2,,,0,45,,10646,2,,,0,85,,10658,2,,,0,85,,10655,2,,,0
3006000,'d0b31cb1-5133-4edf-a738-44ef9b24ca11',800,,10669,2,,,0,41,,10663,2,,,0,85,,10660,2,,,0,85,,10673,2,,,0,45,,10672,2,,,0,85,,10666,2,,,0,85,,10668,2,,,0,85,,10659,2,,,0,45,,10662,2,,,0,85,,10671,2,,,0,85,,10661,2,,,0,85,,10667,2,,,0,45,,10664,2,,,0,85,,10670,2,,,0,85,,10665,2,,,0
3006000,'f7e5e6f9-100f-43d4-b32c-13a52a04d3e9',1941,,10676,2,,,0,85,,10675,2,,,0,85,,10677,2,,,0,45,,10679,2,,,0,85,,10678,2,,,0,85,,10674,2,,,0
