100,'208becb0-a2f3-4a1e-94d4-0c0b1bcc9f11',730,,7935,166,,,0,73,,7940,166,,,0,33,,7937,166,,,0,73,,7959,166,,,0,33,,7952,166,,,0,73,,7957,166,,,0,33,,7965,166,,,0,73,,7941,166,,,0,33,,7958,166,,,0,73,,7962,166,,,0,73,,7944,166,,,0,33,,7938,166,,,0,73,,7951,166,,,0,33,,7961,166,,,0,73,,7963,166,,,0,33,,7946,166,,,0,73,,7966,166,,,0,33,,7948,166,,,0,73,,7956,166,,,0,33,,7955,166,,,0,73,,7939,166,,,0,73,,7954,166,,,0,33,,7947,166,,,0,73,,7953,166,,,0,33,,7936,166,,,0,73,,7945,166,,,0,33,,7934,166,,,0,73,,7964,166,,,0,33,,7943,166,,,0,70,,7949,166,,,0,30,,7950,175,,,0
100,'25ce079e-2902-4561-b3b8-aaefe35358b8',836,,7967,166,,,0,73,,7987,166,,,0,33,,7976,166,,,0,73,,7968,166,,,0,33,,7980,166,,,0,73,,7984,166,,,0,33,,7982,166,,,0,73,,7970,166,,,0,73,,7986,166,,,0,33,,7974,166,,,0,73,,7975,166,,,0,33,,7969,166,,,0,73,,7978,166,,,0,33,,7981,166,,,0,73,,7985,166,,,0,33,,7973,166,,,0,73,,7971,166,,,0,33,,7977,166,,,0,73,,7979,166,,,0,73,,7972,175,,,0
100,'599df357-d0cf-4a96-9d21-3021fe181a26',633,,8006,166,,,0,68,,7995,166,,,0,29,,8015,166,,,0,73,,8003,166,,,0,33,,8014,166,,,0,73,,8016,166,,,0,33,,7993,166,,,0,73,,8022,166,,,0,33,,7988,166,,,0,73,,8005,166,,,0,33,,8011,166,,,0,73,,7991,166,,,0,73,,8013,166,,,0,33,,8004,166,,,0,73,,7997,166,,,0,33,,8001,166,,,0,73,,7994,166,,,0,33,,8002,166,,,0,73,,8019,166,,,0,33,,8007,166,,,0,73,,8020,166,,,0,33,,8009,166,,,0,73,,7992,166,,,0,73,,7996,166,,,0,33,,8010,166,,,0,73,,8008,166,,,0,33,,7990,166,,,0,73,,7989,166,,,0,33,,8017,166,,,0,73,,8021,166,,,0,33,,7998,166,,,0,70,,8018,166,,,0,30,,8000,175,,,0
100,'f1b8bc1c-304d-4ce4-ace6-7c20cda06a39',836,,8030,166,,,0,73,,8031,166,,,0,33,,8040,166,,,0,73,,8034,166,,,0,33,,8039,166,,,0,73,,8045,166,,,0,33,,8043,166,,,0,73,,8042,166,,,0,73,,8038,166,,,0,33,,8029,166,,,0,73,,8025,166,,,0,33,,8033,166,,,0,73,,8044,166,,,0,33,,8028,166,,,0,73,,8041,166,,,0,33,,8024,166,,,0,73,,8035,166,,,0,33,,8036,166,,,0,73,,8032,166,,,0,73,,8023,175,,,0
301,'208becb0-a2f3-4a1e-94d4-0c0b1bcc9f11',736,,8508,59,,,0,73,,8497,59,,,0,33,,8488,59,,,0,73,,8498,59,,,0,33,,8491,59,,,0,73,,8516,59,,,0,33,,8501,59,,,0,73,,8486,59,,,0,73,,8514,59,,,0,33,,8500,59,,,0,73,,8510,59,,,0,33,,8504,59,,,0,73,,8509,59,,,0,33,,8493,59,,,0,73,,8495,59,,,0,33,,8505,59,,,0,73,,8503,59,,,0,33,,8496,59,,,0,73,,8513,59,,,0,73,,8487,59,,,0,33,,8512,59,,,0,73,,8494,59,,,0,33,,8515,59,,,0,73,,8489,59,,,0,33,,8511,59,,,0,73,,8492,59,,,0,33,,8507,59,,,0,73,,8502,59,,,0,30,,8499,59,,,0,70,,8506,59,,,0,30,,8490,59,,,0
301,'25ce079e-2902-4561-b3b8-aaefe35358b8',809,,8530,59,,,0,33,,8536,59,,,0,73,,8537,59,,,0,33,,8517,59,,,0,73,,8532,59,,,0,33,,8518,59,,,0,73,,8521,59,,,0,73,,8529,59,,,0,33,,8522,59,,,0,73,,8519,59,,,0,33,,8525,59,,,0,73,,8520,59,,,0,33,,8531,59,,,0,73,,8533,59,,,0,33,,8526,59,,,0,73,,8528,59,,,0,33,,8523,59,,,0,73,,8534,59,,,0,73,,8535,59,,,0,33,,8527,59,,,0,65,,8524,59,,,0
301,'599df357-d0cf-4a96-9d21-3021fe181a26',631,,8568,59,,,0,72,,8550,59,,,0,33,,8557,59,,,0,73,,8563,59,,,0,33,,8543,59,,,0,73,,8549,59,,,0,33,,8548,59,,,0,73,,8558,59,,,0,33,,8555,59,,,0,73,,8553,59,,,0,73,,8560,59,,,0,33,,8564,59,,,0,73,,8566,59,,,0,33,,8569,59,,,0,73,,8546,59,,,0,33,,8551,59,,,0,73,,8542,59,,,0,33,,8562,59,,,0,73,,8544,59,,,0,33,,8559,59,,,0,73,,8552,59,,,0,73,,8547,59,,,0,33,,8554,59,,,0,73,,8561,59,,,0,33,,8540,59,,,0,73,,8545,59,,,0,33,,8541,59,,,0,73,,8538,59,,,0,33,,8570,59,,,0,73,,8556,59,,,0,30,,8539,59,,,0,70,,8565,59,,,0,30,,8567,59,,,0
301,'f1b8bc1c-304d-4ce4-ace6-7c20cda06a39',809,,8571,59,,,0,33,,8574,59,,,0,73,,8588,59,,,0,33,,8589,59,,,0,73,,8579,59,,,0,33,,8578,59,,,0,73,,8577,59,,,0,73,,8572,59,,,0,33,,8580,59,,,0,73,,8576,59,,,0,33,,8575,59,,,0,73,,8590,59,,,0,33,,8582,59,,,0,73,,8585,59,,,0,33,,8584,59,,,0,73,,8586,59,,,0,33,,8583,59,,,0,73,,8591,59,,,0,73,,8581,59,,,0,33,,8573,59,,,0,65,,8587,59,,,0
3006001,'208becb0-a2f3-4a1e-94d4-0c0b1bcc9f11',735,,9283,94,,,0,85,,9292,94,,,0,85,,9296,94,,,0,45,,9289,94,,,0,85,,9288,94,,,0,85,,9290,94,,,0,85,,9299,94,,,0,45,,9291,94,,,0,85,,9286,94,,,0,85,,9294,94,,,0,85,,9293,94,,,0,45,,9278,94,,,0,85,,9295,94,,,0,85,,9297,94,,,0,85,,9284,94,,,0,45,,9285,94,,,0,85,,9280,94,,,0,85,,9281,94,,,0,85,,9298,94,,,0,45,,9279,94,,,0,85,,9287,94,,,0,85,,9282,94,,,0
3006001,'25ce079e-2902-4561-b3b8-aaefe35358b8',835,,9305,94,,,0,85,,9300,94,,,0,85,,9308,94,,,0,45,,9309,94,,,0,85,,9301,94,,,0,85,,9312,94,,,0,85,,9313,94,,,0,45,,9307,94,,,0,85,,9302,94,,,0,85,,9306,94,,,0,85,,9304,94,,,0,45,,9303,94,,,0,85,,9310,94,,,0,85,,9311,94,,,0
3006001,'599df357-d0cf-4a96-9d21-3021fe181a26',1935,,9314,94,,,0,85,,9318,94,,,0,85,,9319,94,,,0,45,,9315,94,,,0,85,,9317,94,,,0,85,,9316,94,,,0
3006001,'f1b8bc1c-304d-4ce4-ace6-7c20cda06a39',835,,9322,94,,,0,85,,9324,94,,,0,85,,9331,94,,,0,45,,9329,94,,,0,85,,9328,94,,,0,85,,9333,94,,,0,85,,9321,94,,,0,45,,9325,94,,,0,85,,9330,94,,,0,85,,9323,94,,,0,85,,9326,94,,,0,45,,9327,94,,,0,85,,9332,94,,,0,85,,9320,94,,,0
