100,'208becb0-a2f3-4a1e-94d4-0c0b1bcc9f11',734,,7935,175,4,,0,73,,7940,175,4,,0,33,,7937,175,4,,0,73,,7959,175,4,,0,33,,7952,175,4,,0,73,,7957,175,4,,0,33,,7965,175,4,,0,73,,7941,175,4,,0,33,,7958,175,4,,0,73,,7962,175,4,,0,73,,7944,175,4,,0,33,,7938,175,4,,0,73,,7951,175,4,,0,33,,7961,175,4,,0,73,,7963,175,4,,0,33,,7946,175,4,,0,73,,7966,175,4,,0,33,,7948,175,4,,0,73,,7956,175,4,,0,73,,7955,175,4,,0,33,,7939,175,4,,0,73,,7954,175,4,,0,33,,7947,175,4,,0,73,,7953,175,4,,0,33,,7936,175,4,,0,73,,7945,175,4,,0,33,,7934,175,4,,0,73,,7964,175,4,,0,33,,7943,175,4,,0,70,,7949,175,4,,0,30,,7950,184,4,,0
100,'25ce079e-2902-4561-b3b8-aaefe35358b8',840,,7967,175,4,,0,73,,7987,175,4,,0,33,,7976,175,4,,0,73,,7968,175,4,,0,33,,7980,175,4,,0,73,,7984,175,4,,0,33,,7982,175,4,,0,73,,7970,175,4,,0,73,,7986,175,4,,0,33,,7974,175,4,,0,73,,7975,175,4,,0,33,,7969,175,4,,0,73,,7978,175,4,,0,33,,7981,175,4,,0,73,,7985,175,4,,0,33,,7973,175,4,,0,73,,7971,175,4,,0,73,,7977,175,4,,0,33,,7979,175,4,,0,73,,7972,184,4,,0
100,'599df357-d0cf-4a96-9d21-3021fe181a26',637,,8006,175,4,,0,68,,7995,175,4,,0,29,,8015,175,4,,0,73,,8003,175,4,,0,33,,8014,175,4,,0,73,,8016,175,4,,0,33,,7993,175,4,,0,73,,8022,175,4,,0,33,,7988,175,4,,0,73,,8005,175,4,,0,33,,8011,175,4,,0,73,,7991,175,4,,0,73,,8013,175,4,,0,33,,8004,175,4,,0,73,,7997,175,4,,0,33,,8001,175,4,,0,73,,7994,175,4,,0,33,,8002,175,4,,0,73,,8019,175,4,,0,33,,8007,175,4,,0,73,,8020,175,4,,0,73,,8009,175,4,,0,33,,7992,175,4,,0,73,,7996,175,4,,0,33,,8010,175,4,,0,73,,8008,175,4,,0,33,,7990,175,4,,0,73,,7989,175,4,,0,33,,8017,175,4,,0,73,,8021,175,4,,0,33,,7998,175,4,,0,70,,8018,175,4,,0,30,,8000,184,4,,0
100,'f1b8bc1c-304d-4ce4-ace6-7c20cda06a39',840,,8030,175,4,,0,73,,8031,175,4,,0,33,,8040,175,4,,0,73,,8034,175,4,,0,33,,8039,175,4,,0,73,,8045,175,4,,0,33,,8043,175,4,,0,73,,8042,175,4,,0,73,,8038,175,4,,0,33,,8029,175,4,,0,73,,8025,175,4,,0,33,,8033,175,4,,0,73,,8044,175,4,,0,33,,8028,175,4,,0,73,,8041,175,4,,0,33,,8024,175,4,,0,73,,8035,175,4,,0,73,,8036,175,4,,0,33,,8032,175,4,,0,73,,8023,184,4,,0
101,'208becb0-a2f3-4a1e-94d4-0c0b1bcc9f11',714,,8060,0,,,0,33,,8047,0,,,0,73,,8077,0,,,0,33,,8056,0,,,0,73,,8079,0,,,0,33,,8058,0,,,0,73,,8078,0,,,0,73,,8072,0,,,0,33,,8061,0,,,0,73,,8070,0,,,0,33,,8052,0,,,0,73,,8050,0,,,0,33,,8069,0,,,0,73,,8065,0,,,0,33,,8075,0,,,0,73,,8049,0,,,0,73,,8057,0,,,0,33,,8051,0,,,0,73,,8074,0,,,0,33,,8048,0,,,0,73,,8053,0,,,0,33,,8059,0,,,0,73,,8073,0,,,0,33,,8067,0,,,0,73,,8068,0,,,0,33,,8064,0,,,0,73,,8062,0,,,0,73,,8054,0,,,0,30,,8066,0,,,0,70,,8046,0,,,0,35,,8063,0,,,0
101,'25ce079e-2902-4561-b3b8-aaefe35358b8',747,,8089,0,,,0,73,,8085,0,,,0,33,,8093,0,,,0,73,,8086,0,,,0,33,,8082,0,,,0,73,,8095,0,,,0,73,,8081,0,,,0,33,,8092,0,,,0,73,,8097,0,,,0,33,,8083,0,,,0,73,,8090,0,,,0,33,,8096,0,,,0,73,,8087,0,,,0,33,,8098,0,,,0,73,,8094,0,,,0,73,,8101,0,,,0,33,,8100,0,,,0,73,,8091,0,,,0,33,,8088,0,,,0,73,,8084,0,,,0,33,,8080,0,,,0
101,'599df357-d0cf-4a96-9d21-3021fe181a26',608,,8103,0,,,0,33,,8111,0,,,0,73,,8119,0,,,0,33,,8102,0,,,0,73,,8115,0,,,0,33,,8130,0,,,0,73,,8135,0,,,0,33,,8121,0,,,0,73,,8112,0,,,0,73,,8122,0,,,0,33,,8106,0,,,0,73,,8126,0,,,0,33,,8107,0,,,0,73,,8127,0,,,0,33,,8105,0,,,0,73,,8129,0,,,0,33,,8124,0,,,0,73,,8110,0,,,0,73,,8133,0,,,0,33,,8113,0,,,0,73,,8117,0,,,0,33,,8104,0,,,0,73,,8109,0,,,0,33,,8131,0,,,0,73,,8114,0,,,0,33,,8123,0,,,0,73,,8134,0,,,0,33,,8108,0,,,0,73,,8132,0,,,0,73,,8116,0,,,0,30,,8118,0,,,0,70,,8120,0,,,0,35,,8125,0,,,0
101,'f1b8bc1c-304d-4ce4-ace6-7c20cda06a39',747,,8153,0,,,0,73,,8146,0,,,0,33,,8154,0,,,0,73,,8145,0,,,0,33,,8142,0,,,0,73,,8150,0,,,0,73,,8136,0,,,0,33,,8151,0,,,0,73,,8141,0,,,0,33,,8156,0,,,0,73,,8144,0,,,0,33,,8155,0,,,0,73,,8139,0,,,0,33,,8138,0,,,0,73,,8137,0,,,0,73,,8140,0,,,0,33,,8149,0,,,0,73,,8147,0,,,0,33,,8143,0,,,0,73,,8157,0,,,0,33,,8148,0,,,0
300,'208becb0-a2f3-4a1e-94d4-0c0b1bcc9f11',712,,8395,0,,,0,33,,8400,0,,,0,73,,8393,0,,,0,33,,8381,0,,,0,73,,8402,0,,,0,33,,8401,0,,,0,73,,8405,0,,,0,73,,8404,0,,,0,33,,8382,0,,,0,73,,8391,0,,,0,33,,8407,0,,,0,73,,8386,0,,,0,33,,8380,0,,,0,73,,8394,0,,,0,33,,8397,0,,,0,73,,8410,0,,,0,73,,8406,0,,,0,33,,8384,0,,,0,73,,8396,0,,,0,33,,8387,0,,,0,73,,8403,0,,,0,33,,8383,0,,,0,73,,8385,0,,,0,33,,8409,0,,,0,73,,8388,0,,,0,33,,8408,0,,,0,73,,8389,0,,,0,73,,8398,0,,,0,33,,8399,0,,,0,64,,8392,0,,,0,30,,8390,0,,,0
300,'25ce079e-2902-4561-b3b8-aaefe35358b8',745,,8422,0,,,0,73,,8411,0,,,0,33,,8420,0,,,0,73,,8427,0,,,0,33,,8412,0,,,0,73,,8416,0,,,0,73,,8430,0,,,0,33,,8428,0,,,0,73,,8423,0,,,0,33,,8421,0,,,0,73,,8414,0,,,0,33,,8418,0,,,0,73,,8425,0,,,0,33,,8419,0,,,0,73,,8424,0,,,0,73,,8415,0,,,0,33,,8413,0,,,0,73,,8429,0,,,0,33,,8417,0,,,0,73,,8431,0,,,0,28,,8426,0,,,0
300,'599df357-d0cf-4a96-9d21-3021fe181a26',606,,8458,0,,,0,34,,8435,0,,,0,72,,8451,0,,,0,33,,8449,0,,,0,73,,8454,0,,,0,33,,8443,0,,,0,73,,8446,0,,,0,33,,8461,0,,,0,73,,8442,0,,,0,73,,8441,0,,,0,33,,8462,0,,,0,73,,8445,0,,,0,33,,8433,0,,,0,73,,8434,0,,,0,33,,8450,0,,,0,73,,8436,0,,,0,33,,8437,0,,,0,73,,8456,0,,,0,73,,8438,0,,,0,33,,8459,0,,,0,73,,8455,0,,,0,33,,8463,0,,,0,73,,8432,0,,,0,33,,8439,0,,,0,73,,8447,0,,,0,33,,8460,0,,,0,73,,8453,0,,,0,33,,8444,0,,,0,73,,8464,0,,,0,73,,8440,0,,,0,33,,8452,0,,,0,64,,8448,0,,,0,30,,8457,0,,,0
300,'f1b8bc1c-304d-4ce4-ace6-7c20cda06a39',745,,8474,0,,,0,73,,8470,0,,,0,33,,8465,0,,,0,73,,8483,0,,,0,33,,8478,0,,,0,73,,8480,0,,,0,73,,8484,0,,,0,33,,8468,0,,,0,73,,8472,0,,,0,33,,8482,0,,,0,73,,8485,0,,,0,33,,8473,0,,,0,73,,8469,0,,,0,33,,8481,0,,,0,73,,8471,0,,,0,73,,8475,0,,,0,33,,8477,0,,,0,73,,8479,0,,,0,33,,8467,0,,,0,73,,8476,0,,,0,28,,8466,0,,,0
301,'208becb0-a2f3-4a1e-94d4-0c0b1bcc9f11',739,,8508,67,4,,0,73,,8497,67,4,,0,33,,8488,67,4,,0,73,,8498,67,4,,0,33,,8491,67,4,,0,73,,8516,67,4,,0,33,,8501,67,4,,0,73,,8486,67,4,,0,73,,8514,67,4,,0,33,,8500,67,4,,0,73,,8510,67,4,,0,33,,8504,67,4,,0,73,,8509,67,4,,0,33,,8493,67,4,,0,73,,8495,67,4,,0,33,,8505,67,4,,0,73,,8503,67,4,,0,73,,8496,67,4,,0,33,,8513,67,4,,0,73,,8487,67,4,,0,33,,8512,67,4,,0,73,,8494,67,4,,0,33,,8515,67,4,,0,73,,8489,67,4,,0,33,,8511,67,4,,0,73,,8492,67,4,,0,33,,8507,67,4,,0,73,,8502,67,4,,0,70,,8499,67,4,,0,30,,8506,67,4,,0,70,,8490,67,4,,0
301,'25ce079e-2902-4561-b3b8-aaefe35358b8',812,,8530,67,4,,0,33,,8536,67,4,,0,73,,8537,67,4,,0,33,,8517,67,4,,0,73,,8532,67,4,,0,33,,8518,67,4,,0,73,,8521,67,4,,0,73,,8529,67,4,,0,33,,8522,67,4,,0,73,,8519,67,4,,0,33,,8525,67,4,,0,73,,8520,67,4,,0,33,,8531,67,4,,0,73,,8533,67,4,,0,33,,8526,67,4,,0,73,,8528,67,4,,0,73,,8523,67,4,,0,33,,8534,67,4,,0,73,,8535,67,4,,0,33,,8527,67,4,,0,65,,8524,67,4,,0
301,'599df357-d0cf-4a96-9d21-3021fe181a26',634,,8568,67,4,,0,72,,8550,67,4,,0,33,,8557,67,4,,0,73,,8563,67,4,,0,33,,8543,67,4,,0,73,,8549,67,4,,0,33,,8548,67,4,,0,73,,8558,67,4,,0,33,,8555,67,4,,0,73,,8553,67,4,,0,73,,8560,67,4,,0,33,,8564,67,4,,0,73,,8566,67,4,,0,33,,8569,67,4,,0,73,,8546,67,4,,0,33,,8551,67,4,,0,73,,8542,67,4,,0,33,,8562,67,4,,0,73,,8544,67,4,,0,73,,8559,67,4,,0,33,,8552,67,4,,0,73,,8547,67,4,,0,33,,8554,67,4,,0,73,,8561,67,4,,0,33,,8540,67,4,,0,73,,8545,67,4,,0,33,,8541,67,4,,0,73,,8538,67,4,,0,33,,8570,67,4,,0,73,,8556,67,4,,0,70,,8539,67,4,,0,30,,8565,67,4,,0,70,,8567,67,4,,0
301,'f1b8bc1c-304d-4ce4-ace6-7c20cda06a39',812,,8571,67,4,,0,33,,8574,67,4,,0,73,,8588,67,4,,0,33,,8589,67,4,,0,73,,8579,67,4,,0,33,,8578,67,4,,0,73,,8577,67,4,,0,73,,8572,67,4,,0,33,,8580,67,4,,0,73,,8576,67,4,,0,33,,8575,67,4,,0,73,,8590,67,4,,0,33,,8582,67,4,,0,73,,8585,67,4,,0,33,,8584,67,4,,0,73,,8586,67,4,,0,73,,8583,67,4,,0,33,,8591,67,4,,0,73,,8581,67,4,,0,33,,8573,67,4,,0,65,,8587,67,4,,0
1006000,'599df357-d0cf-4a96-9d21-3021fe181a26',643,,9104,0,,,0,95,,9105,0,,,0,100,,9107,0,,,0,100,,9100,0,,,0,100,,9108,0,,,0,100,,9103,0,,,0,100,,9110,0,,,0,100,,9102,0,,,0,100,,9101,0,,,0,100,,9106,0,,,0,100,,9109,0,,,0,100,,9098,0,,,0,100,,9099,0,,,0
1006001,'599df357-d0cf-4a96-9d21-3021fe181a26',621,,9117,209,4,,0,91,,9118,209,4,,0,100,,9112,209,4,,0,100,,9113,209,4,,0,100,,9116,209,4,,0,100,,9119,209,4,,0,100,,9114,209,4,,0,100,,9120,209,4,,0,100,,9111,209,4,,0,100,,9121,209,4,,0,100,,9122,209,4,,0,100,,9115,209,4,,0,100,,9123,209,4,,0
1006100,'599df357-d0cf-4a96-9d21-3021fe181a26',645,,9133,0,,,0,80,,9134,0,,,0,85,,9139,0,,,0,45,,9135,0,,,0,85,,9128,0,,,0,85,,9129,0,,,0,85,,9132,0,,,0,45,,9137,0,,,0,85,,9130,0,,,0,85,,9127,0,,,0,85,,9124,0,,,0,45,,9138,0,,,0,85,,9136,0,,,0,85,,9140,0,,,0,85,,9125,0,,,0,45,,9131,0,,,0,85,,9126,0,,,0
1006101,'599df357-d0cf-4a96-9d21-3021fe181a26',622,,9157,50,4,,0,80,,9156,50,4,,0,45,,9148,50,4,,0,85,,9142,50,4,,0,85,,9149,50,4,,0,85,,9158,50,4,,0,45,,9151,50,4,,0,85,,9144,50,4,,0,85,,9153,50,4,,0,85,,9147,50,4,,0,45,,9155,50,4,,0,85,,9154,50,4,,0,85,,9152,50,4,,0,85,,9143,50,4,,0,45,,9146,50,4,,0,85,,9150,50,4,,0,85,,9145,50,4,,0,85,,9141,50,4,,0
2006000,'599df357-d0cf-4a96-9d21-3021fe181a26',621,,9169,0,,,0,93,,9160,0,,,0,100,,9171,0,,,0,100,,9166,0,,,0,100,,9163,0,,,0,100,,9167,0,,,0,100,,9162,0,,,0,100,,9161,0,,,0,100,,9159,0,,,0,100,,9165,0,,,0,100,,9164,0,,,0,100,,9170,0,,,0,100,,9168,0,,,0
2006001,'599df357-d0cf-4a96-9d21-3021fe181a26',643,,9178,93,4,,0,94,,9173,93,4,,0,100,,9176,93,4,,0,100,,9177,93,4,,0,100,,9180,93,4,,0,100,,9175,93,4,,0,100,,9182,93,4,,0,100,,9181,93,4,,0,100,,9184,93,4,,0,100,,9174,93,4,,0,100,,9179,93,4,,0,100,,9172,93,4,,0,100,,9183,93,4,,0
2006100,'599df357-d0cf-4a96-9d21-3021fe181a26',625,,9198,0,,,0,80,,9199,0,,,0,45,,9190,0,,,0,85,,9187,0,,,0,85,,9195,0,,,0,85,,9186,0,,,0,45,,9194,0,,,0,85,,9191,0,,,0,85,,9193,0,,,0,85,,9196,0,,,0,45,,9201,0,,,0,85,,9192,0,,,0,85,,9185,0,,,0,85,,9188,0,,,0,45,,9200,0,,,0,85,,9189,0,,,0,85,,9197,0,,,0
2006101,'599df357-d0cf-4a96-9d21-3021fe181a26',643,,9214,82,4,,0,80,,9212,82,4,,0,85,,9206,82,4,,0,45,,9213,82,4,,0,85,,9216,82,4,,0,85,,9211,82,4,,0,85,,9207,82,4,,0,45,,9217,82,4,,0,85,,9202,82,4,,0,85,,9210,82,4,,0,85,,9209,82,4,,0,45,,9215,82,4,,0,85,,9204,82,4,,0,85,,9205,82,4,,0,85,,9218,82,4,,0,45,,9208,82,4,,0,85,,9203,82,4,,0
3006000,'208becb0-a2f3-4a1e-94d4-0c0b1bcc9f11',700,,9223,0,,,0,41,,9234,0,,,0,85,,9232,0,,,0,85,,9236,0,,,0,45,,9231,0,,,0,85,,9235,0,,,0,85,,9240,0,,,0,85,,9221,0,,,0,45,,9225,0,,,0,85,,9229,0,,,0,85,,9237,0,,,0,85,,9238,0,,,0,45,,9227,0,,,0,85,,9233,0,,,0,85,,9222,0,,,0,85,,9224,0,,,0,45,,9219,0,,,0,85,,9230,0,,,0,85,,9239,0,,,0,85,,9228,0,,,0,45,,9226,0,,,0,85,,9241,0,,,0,85,,9220,0,,,0
3006000,'25ce079e-2902-4561-b3b8-aaefe35358b8',800,,9252,0,,,0,41,,9255,0,,,0,85,,9251,0,,,0,85,,9249,0,,,0,45,,9244,0,,,0,85,,9250,0,,,0,85,,9254,0,,,0,85,,9242,0,,,0,45,,9245,0,,,0,85,,9253,0,,,0,85,,9248,0,,,0,85,,9243,0,,,0,45,,9256,0,,,0,85,,9247,0,,,0,85,,9246,0,,,0
3006000,'599df357-d0cf-4a96-9d21-3021fe181a26',1941,,9257,0,,,0,85,,9259,0,,,0,85,,9261,0,,,0,45,,9260,0,,,0,85,,9258,0,,,0,85,,9262,0,,,0
3006000,'f1b8bc1c-304d-4ce4-ace6-7c20cda06a39',800,,9266,0,,,0,41,,9264,0,,,0,85,,9276,0,,,0,85,,9277,0,,,0,45,,9265,0,,,0,85,,9268,0,,,0,85,,9271,0,,,0,85,,9269,0,,,0,45,,9263,0,,,0,85,,9273,0,,,0,85,,9267,0,,,0,85,,9274,0,,,0,45,,9275,0,,,0,85,,9272,0,,,0,85,,9270,0,,,0
3006001,'208becb0-a2f3-4a1e-94d4-0c0b1bcc9f11',739,,9283,100,4,,0,85,,9292,100,4,,0,85,,9296,100,4,,0,45,,9289,100,4,,0,85,,9288,100,4,,0,85,,9290,100,4,,0,85,,9299,100,4,,0,45,,9291,100,4,,0,85,,9286,100,4,,0,85,,9294,100,4,,0,85,,9293,100,4,,0,45,,9278,100,4,,0,85,,9295,100,4,,0,85,,9297,100,4,,0,85,,9284,100,4,,0,45,,9285,100,4,,0,85,,9280,100,4,,0,85,,9281,100,4,,0,85,,9298,100,4,,0,45,,9279,100,4,,0,85,,9287,100,4,,0,85,,9282,100,4,,0
3006001,'25ce079e-2902-4561-b3b8-aaefe35358b8',839,,9305,100,4,,0,85,,9300,100,4,,0,85,,9308,100,4,,0,45,,9309,100,4,,0,85,,9301,100,4,,0,85,,9312,100,4,,0,85,,9313,100,4,,0,45,,9307,100,4,,0,85,,9302,100,4,,0,85,,9306,100,4,,0,85,,9304,100,4,,0,45,,9303,100,4,,0,85,,9310,100,4,,0,85,,9311,100,4,,0
3006001,'599df357-d0cf-4a96-9d21-3021fe181a26',1939,,9314,100,4,,0,85,,9318,100,4,,0,85,,9319,100,4,,0,45,,9315,100,4,,0,85,,9317,100,4,,0,85,,9316,100,4,,0
3006001,'f1b8bc1c-304d-4ce4-ace6-7c20cda06a39',839,,9322,100,4,,0,85,,9324,100,4,,0,85,,9331,100,4,,0,45,,9329,100,4,,0,85,,9328,100,4,,0,85,,9333,100,4,,0,85,,9321,100,4,,0,45,,9325,100,4,,0,85,,9330,100,4,,0,85,,9323,100,4,,0,85,,9326,100,4,,0,45,,9327,100,4,,0,85,,9332,100,4,,0,85,,9320,100,4,,0
