401,'0fbe59f6-d4bc-41cf-9d89-7119a6d1eb67',705,,10115,74,,,0,34,,10118,74,,,0,72,,10116,74,,,0,33,,10110,74,,,0,73,,10129,74,,,0,33,,10128,74,,,0,73,,10105,74,,,0,33,,10124,74,,,0,73,,10106,74,,,0,73,,10103,74,,,0,33,,10102,74,,,0,73,,10125,74,,,0,35,,10126,74,,,0,78,,10122,74,,,0,35,,10117,74,,,0,75,,10120,74,,,0,75,,10131,74,,,0,35,,10121,74,,,0,75,,10130,74,,,0,34,,10109,74,,,0,75,,10132,74,,,0,32,,10104,74,,,0,72,,10133,74,,,0,74,,10111,74,,,0,33,,10123,74,,,0,73,,10108,74,,,0,33,,10113,74,,,0,73,,10112,74,,,0,29,,10101,74,,,0,67,,10127,74,,,0,25,,10107,74,,,0,19,,10119,74,,,0
401,'79ca8b2f-a5ba-4317-be99-b99c34cbda89',811,,10149,74,,,0,33,,10153,74,,,0,73,,10145,74,,,0,33,,10136,74,,,0,73,,10140,74,,,0,33,,10155,74,,,0,73,,10144,74,,,0,73,,10150,74,,,0,33,,10138,74,,,0,73,,10143,74,,,0,33,,10139,74,,,0,73,,10154,74,,,0,33,,10135,74,,,0,73,,10137,74,,,0,33,,10141,74,,,0,73,,10134,74,,,0,33,,10148,74,,,0,73,,10152,74,,,0,73,,10142,74,,,0,33,,10147,74,,,0,73,,10151,74,4,,0
401,'d0b31cb1-5133-4edf-a738-44ef9b24ca11',811,,10161,74,,,0,33,,10168,74,,,0,73,,10159,74,,,0,33,,10172,74,,,0,73,,10176,74,,,0,33,,10166,74,,,0,73,,10177,74,,,0,73,,10162,74,,,0,33,,10165,74,,,0,73,,10174,74,,,0,33,,10169,74,,,0,73,,10171,74,,,0,33,,10164,74,,,0,73,,10167,74,,,0,33,,10170,74,,,0,73,,10175,74,,,0,33,,10173,74,,,0,73,,10160,74,,,0,73,,10156,74,,,0,33,,10157,74,,,0,73,,10163,74,4,,0
401,'f7e5e6f9-100f-43d4-b32c-13a52a04d3e9',634,,10183,74,,,0,71,,10190,74,,,0,34,,10197,74,,,0,72,,10195,74,,,0,33,,10208,74,,,0,73,,10189,74,,,0,33,,10206,74,,,0,73,,10191,74,,,0,33,,10185,74,,,0,73,,10210,74,,,0,73,,10204,74,,,0,33,,10182,74,,,0,73,,10193,74,,,0,35,,10196,74,,,0,78,,10179,74,,,0,35,,10180,74,,,0,75,,10201,74,,,0,75,,10202,74,,,0,35,,10205,74,,,0,75,,10199,74,,,0,34,,10188,74,,,0,75,,10192,74,,,0,32,,10181,74,,,0,72,,10198,74,,,0,74,,10203,74,,,0,33,,10209,74,,,0,73,,10207,74,,,0,33,,10200,74,,,0,73,,10194,74,,,0,29,,10184,74,,,0,67,,10178,74,,,0,25,,10186,74,,,0,19,,10187,74,,,0
6200,'f7e5e6f9-100f-43d4-b32c-13a52a04d3e9',723,,10467,50,4,,0,35,,10453,50,4,,0,80,,10457,50,4,,0,80,,10475,50,4,,0,40,,10452,50,4,,0,80,,10455,50,4,,0,80,,10471,50,4,,0,40,,10469,50,4,,0,80,,10470,50,4,,0,80,,10458,50,4,,0,40,,10465,50,4,,0,80,,10454,50,4,,0,80,,10459,50,4,,0,40,,10456,50,4,,0,80,,10473,50,4,,0,80,,10460,50,4,,0,40,,10466,50,4,,0,80,,10463,50,4,,0,80,,10474,50,4,,0,40,,10468,50,4,,0,80,,10472,50,4,,0,80,,10464,50,4,,0,35,,10461,50,4,,0,75,,10462,50,4,,0
6201,'f7e5e6f9-100f-43d4-b32c-13a52a04d3e9',650,,10484,0,,,0,75,,10491,0,,,0,80,,10483,0,,,0,40,,10497,0,,,0,80,,10490,0,,,0,80,,10480,0,,,0,40,,10488,0,,,0,80,,10476,0,,,0,80,,10489,0,,,0,40,,10498,0,,,0,80,,10477,0,,,0,80,,10492,0,,,0,40,,10479,0,,,0,80,,10485,0,,,0,80,,10494,0,,,0,40,,10482,0,,,0,80,,10487,0,,,0,80,,10481,0,,,0,40,,10493,0,,,0,80,,10478,0,,,0,80,,10499,0,,,0,40,,10486,0,,,0,75,,10496,0,,,0,35,,10495,0,,,0
1006000,'f7e5e6f9-100f-43d4-b32c-13a52a04d3e9',711,,10503,185,4,,0,96,,10505,185,4,,0,100,,10501,185,4,,0,105,,10508,185,4,,0,100,,10509,185,4,,0,100,,10502,185,4,,0,100,,10500,185,4,,0,100,,10506,185,4,,0,100,,10510,185,4,,0,105,,10507,185,4,,0,100,,10504,185,4,,0,100,,10512,185,4,,0,100,,10511,183,4,,0
1006001,'f7e5e6f9-100f-43d4-b32c-13a52a04d3e9',645,,10522,0,,,0,100,,10519,0,,,0,105,,10513,0,,,0,100,,10520,0,,,0,100,,10514,0,,,0,100,,10523,0,,,0,100,,10517,0,,,0,100,,10515,0,,,0,105,,10516,0,,,0,100,,10524,0,,,0,100,,10518,0,,,0,100,,10525,0,,,0
2006000,'f7e5e6f9-100f-43d4-b32c-13a52a04d3e9',643,,10573,97,4,,0,94,,10567,97,4,,0,100,,10563,97,4,,0,105,,10568,97,4,,0,100,,10569,97,4,,0,100,,10571,97,4,,0,100,,10565,97,4,,0,100,,10564,97,4,,0,100,,10572,97,4,,0,105,,10566,97,4,,0,100,,10562,97,4,,0,100,,10561,97,4,,0,100,,10570,96,4,,0
2006001,'f7e5e6f9-100f-43d4-b32c-13a52a04d3e9',715,,10583,0,,,0,100,,10574,0,,,0,105,,10582,0,,,0,100,,10575,0,,,0,100,,10581,0,,,0,100,,10576,0,,,0,100,,10580,0,,,0,100,,10577,0,,,0,105,,10584,0,,,0,100,,10586,0,,,0,100,,10579,0,,,0,100,,10578,0,,,0
3006000,'0fbe59f6-d4bc-41cf-9d89-7119a6d1eb67',718,,10621,78,4,,0,41,,10637,78,4,,0,85,,10643,78,4,,0,85,,10623,78,4,,0,85,,10641,78,4,,0,45,,10633,78,4,,0,85,,10627,78,4,,0,85,,10631,78,4,,0,85,,10635,78,4,,0,45,,10625,78,4,,0,85,,10629,78,4,,0,85,,10626,78,4,,0,85,,10624,78,4,,0,45,,10640,78,4,,0,85,,10632,78,4,,0,85,,10636,78,4,,0,85,,10630,78,4,,0,45,,10642,78,4,,0,85,,10638,78,4,,0,85,,10622,78,4,,0,85,,10634,78,4,,0,45,,10639,78,4,,0,85,,10628,81,4,,0
3006000,'79ca8b2f-a5ba-4317-be99-b99c34cbda89',818,,10644,78,4,,0,41,,10647,78,4,,0,85,,10657,78,4,,0,85,,10656,78,4,,0,85,,10649,78,4,,0,45,,10645,78,4,,0,85,,10651,78,4,,0,85,,10650,78,4,,0,85,,10653,78,4,,0,45,,10648,78,4,,0,85,,10654,78,4,,0,85,,10652,78,4,,0,85,,10646,78,4,,0,45,,10658,78,4,,0,85,,10655,81,4,,0
3006000,'d0b31cb1-5133-4edf-a738-44ef9b24ca11',818,,10669,78,4,,0,41,,10663,78,4,,0,85,,10660,78,4,,0,85,,10673,78,4,,0,85,,10672,78,4,,0,45,,10666,78,4,,0,85,,10668,78,4,,0,85,,10659,78,4,,0,85,,10662,78,4,,0,45,,10671,78,4,,0,85,,10661,78,4,,0,85,,10667,78,4,,0,85,,10664,78,4,,0,45,,10670,78,4,,0,85,,10665,81,4,,0
3006000,'f7e5e6f9-100f-43d4-b32c-13a52a04d3e9',1959,,10676,78,4,,0,85,,10675,78,4,,0,85,,10677,78,4,,0,85,,10679,78,4,,0,45,,10678,78,4,,0,85,,10674,81,4,,0
3006001,'0fbe59f6-d4bc-41cf-9d89-7119a6d1eb67',720,,10682,0,,,0,85,,10694,0,,,0,45,,10683,0,,,0,85,,10695,0,,,0,85,,10692,0,,,0,85,,10699,0,,,0,45,,10680,0,,,0,85,,10696,0,,,0,85,,10691,0,,,0,85,,10693,0,,,0,45,,10697,0,,,0,85,,10681,0,,,0,85,,10698,0,,,0,85,,10689,0,,,0,45,,10701,0,,,0,85,,10690,0,,,0,85,,10688,0,,,0,85,,10700,0,,,0,45,,10686,0,,,0,85,,10685,0,,,0,85,,10684,0,,,0,85,,10687,0,,,0
3006001,'79ca8b2f-a5ba-4317-be99-b99c34cbda89',820,,10707,0,,,0,85,,10714,0,,,0,45,,10709,0,,,0,85,,10705,0,,,0,85,,10713,0,,,0,85,,10711,0,,,0,45,,10708,0,,,0,85,,10702,0,,,0,85,,10704,0,,,0,85,,10706,0,,,0,45,,10710,0,,,0,85,,10715,0,,,0,85,,10712,0,,,0,85,,10703,0,,,0
3006001,'d0b31cb1-5133-4edf-a738-44ef9b24ca11',820,,10726,0,,,0,85,,10720,0,,,0,45,,10716,0,,,0,85,,10721,0,,,0,85,,10722,0,,,0,85,,10724,0,,,0,45,,10718,0,,,0,85,,10725,0,,,0,85,,10727,0,,,0,85,,10719,0,,,0,45,,10729,0,,,0,85,,10717,0,,,0,85,,10723,0,,,0,85,,10728,0,,,0
3006001,'f7e5e6f9-100f-43d4-b32c-13a52a04d3e9',1920,,10730,0,,,0,85,,10734,0,,,0,45,,10732,0,,,0,85,,10735,0,,,0,85,,10733,0,,,0,85,,10731,0,,,0
