200,'208becb0-a2f3-4a1e-94d4-0c0b1bcc9f11',715,,8187,177,,,0,33,,8188,177,,,0,73,,8169,177,,,0,33,,8164,177,,,0,73,,8184,177,,,0,73,,8165,177,,,0,33,,8170,177,,,0,73,,8171,177,,,0,33,,8175,177,,,0,73,,8185,177,,,0,33,,8183,177,,,0,73,,8177,177,,,0,33,,8160,177,,,0,73,,8173,177,,,0,33,,8174,177,,,0,73,,8191,177,,,0,73,,8186,177,,,0,33,,8182,177,,,0,73,,8161,177,,,0,33,,8180,177,,,0,73,,8178,177,,,0,33,,8166,177,,,0,73,,8172,177,,,0,33,,8163,177,,,0,73,,8159,177,,,0,73,,8162,177,,,0,33,,8167,177,,,0,73,,8168,177,,,0,33,,8176,177,,,0,73,,8190,177,,,0,30,,8179,177,,,0
200,'25ce079e-2902-4561-b3b8-aaefe35358b8',821,,8194,177,,,0,33,,8211,177,,,0,73,,8192,177,,,0,73,,8203,177,,,0,33,,8204,177,,,0,73,,8202,177,,,0,33,,8210,177,,,0,73,,8209,177,,,0,33,,8213,177,,,0,73,,8197,177,,,0,33,,8199,177,,,0,73,,8195,177,,,0,33,,8212,177,,,0,73,,8200,177,,,0,73,,8205,177,,,0,33,,8193,177,,,0,73,,8206,177,,,0,33,,8207,177,,,0,73,,8198,177,,,0,33,,8201,177,,,0
200,'599df357-d0cf-4a96-9d21-3021fe181a26',616,,8221,177,,,0,26,,8215,177,,,0,73,,8247,177,,,0,33,,8244,177,,,0,73,,8232,177,,,0,33,,8224,177,,,0,73,,8236,177,,,0,73,,8226,177,,,0,33,,8248,177,,,0,73,,8241,177,,,0,33,,8222,177,,,0,73,,8227,177,,,0,33,,8240,177,,,0,73,,8231,177,,,0,33,,8245,177,,,0,73,,8243,177,,,0,33,,8229,177,,,0,73,,8246,177,,,0,73,,8230,177,,,0,33,,8216,177,,,0,73,,8220,177,,,0,33,,8239,177,,,0,73,,8242,177,,,0,33,,8228,177,,,0,73,,8223,177,,,0,33,,8218,177,,,0,73,,8214,177,,,0,73,,8237,177,,,0,33,,8219,177,,,0,73,,8225,177,,,0,33,,8233,177,,,0,73,,8238,177,,,0,30,,8217,177,,,0
200,'f1b8bc1c-304d-4ce4-ace6-7c20cda06a39',822,,8256,188,,,0,33,,8257,188,,,0,73,,8258,188,,,0,73,,8265,188,,,0,33,,8255,188,,,0,73,,8269,188,,,0,33,,8270,188,,,0,73,,8268,188,,,0,33,,8250,188,,,0,73,,8252,188,,,0,33,,8249,188,,,0,73,,8262,188,,,0,33,,8253,188,,,0,73,,8263,188,,,0,73,,8261,188,,,0,33,,8259,188,,,0,73,,8251,188,,,0,33,,8254,188,,,0,73,,8264,188,,,0,33,,8267,188,,,0
300,'208becb0-a2f3-4a1e-94d4-0c0b1bcc9f11',733,,8395,66,,,0,73,,8400,66,,,0,33,,8393,66,,,0,73,,8381,66,,,0,33,,8402,66,,,0,73,,8401,66,,,0,33,,8405,66,,,0,73,,8404,66,,,0,33,,8382,66,,,0,73,,8391,66,,,0,73,,8407,66,,,0,33,,8386,66,,,0,73,,8380,66,,,0,33,,8394,66,,,0,73,,8397,66,,,0,33,,8410,66,,,0,73,,8406,66,,,0,33,,8384,66,,,0,73,,8396,66,,,0,73,,8387,66,,,0,33,,8403,66,,,0,73,,8383,66,,,0,33,,8385,66,,,0,73,,8409,66,,,0,33,,8388,66,,,0,73,,8408,66,,,0,33,,8389,66,,,0,73,,8398,66,,,0,33,,8399,66,,,0,64,,8392,66,,,0,30,,8390,66,,,0
300,'25ce079e-2902-4561-b3b8-aaefe35358b8',806,,8422,66,,,0,33,,8411,66,,,0,73,,8420,66,,,0,33,,8427,66,,,0,73,,8412,66,,,0,33,,8416,66,,,0,73,,8430,66,,,0,33,,8428,66,,,0,73,,8423,66,,,0,73,,8421,66,,,0,33,,8414,66,,,0,73,,8418,66,,,0,33,,8425,66,,,0,73,,8419,66,,,0,33,,8424,66,,,0,73,,8415,66,,,0,33,,8413,66,,,0,73,,8429,66,,,0,73,,8417,66,,,0,33,,8431,66,,,0,68,,8426,66,,,0
300,'599df357-d0cf-4a96-9d21-3021fe181a26',627,,8458,66,,,0,74,,8435,66,,,0,32,,8451,66,,,0,73,,8449,66,,,0,33,,8454,66,,,0,73,,8443,66,,,0,33,,8446,66,,,0,73,,8461,66,,,0,33,,8442,66,,,0,73,,8441,66,,,0,33,,8462,66,,,0,73,,8445,66,,,0,73,,8433,66,,,0,33,,8434,66,,,0,73,,8450,66,,,0,33,,8436,66,,,0,73,,8437,66,,,0,33,,8456,66,,,0,73,,8438,66,,,0,33,,8459,66,,,0,73,,8455,66,,,0,73,,8463,66,,,0,33,,8432,66,,,0,73,,8439,66,,,0,33,,8447,66,,,0,73,,8460,66,,,0,33,,8453,66,,,0,73,,8444,66,,,0,33,,8464,66,,,0,73,,8440,66,,,0,33,,8452,66,,,0,64,,8448,66,,,0,30,,8457,66,,,0
300,'f1b8bc1c-304d-4ce4-ace6-7c20cda06a39',806,,8474,66,,,0,33,,8470,66,,,0,73,,8465,66,,,0,33,,8483,66,,,0,73,,8478,66,,,0,33,,8480,66,,,0,73,,8484,66,,,0,33,,8468,66,,,0,73,,8472,66,,,0,73,,8482,66,,,0,33,,8485,66,,,0,73,,8473,66,,,0,33,,8469,66,,,0,73,,8481,66,,,0,33,,8471,66,,,0,73,,8475,66,,,0,33,,8477,66,,,0,73,,8479,66,,,0,73,,8467,66,,,0,33,,8476,66,,,0,68,,8466,66,,,0
400,'208becb0-a2f3-4a1e-94d4-0c0b1bcc9f11',733,,8616,143,,,0,72,,8607,143,,,0,35,,8610,143,,,0,71,,8598,143,,,0,33,,8599,143,,,0,73,,8611,143,,,0,33,,8596,143,,,0,73,,8612,143,,,0,33,,8620,143,,,0,73,,8615,143,,,0,73,,8604,143,,,0,33,,8603,143,,,0,73,,8609,143,,,0,33,,8613,143,,,0,73,,8601,143,,,0,33,,8617,143,,,0,73,,8621,143,,,0,33,,8618,143,,,0,73,,8619,143,,,0,33,,8623,143,,,0,73,,8622,143,,,0,73,,8592,143,,,0,33,,8602,143,,,0,73,,8606,143,,,0,33,,8595,143,,,0,73,,8600,143,,,0,33,,8605,143,,,0,73,,8593,143,,,0,33,,8614,143,,,0,73,,8608,143,,,0,26,,8597,142,,,0
400,'25ce079e-2902-4561-b3b8-aaefe35358b8',840,,8631,143,,,0,71,,8639,143,,,0,33,,8630,143,,,0,73,,8642,143,,,0,33,,8633,143,,,0,73,,8643,143,,,0,33,,8637,143,,,0,73,,8629,143,,,0,73,,8640,143,,,0,33,,8625,143,,,0,73,,8641,143,,,0,33,,8638,143,,,0,73,,8624,143,,,0,33,,8628,143,,,0,73,,8632,143,,,0,33,,8626,143,,,0,73,,8636,143,,,0,33,,8634,143,,,0,73,,8635,143,,,0,73,,8627,142,,,0
400,'599df357-d0cf-4a96-9d21-3021fe181a26',635,,8664,143,,,0,65,,8658,143,,,0,33,,8671,143,,,0,72,,8667,143,,,0,34,,8654,143,,,0,72,,8651,143,,,0,33,,8647,143,,,0,73,,8650,143,,,0,33,,8648,143,,,0,73,,8660,143,,,0,33,,8656,143,,,0,73,,8675,143,,,0,73,,8657,143,,,0,33,,8669,143,,,0,73,,8659,143,,,0,33,,8674,143,,,0,73,,8655,143,,,0,33,,8663,143,,,0,73,,8645,143,,,0,33,,8668,143,,,0,73,,8653,143,,,0,33,,8662,143,,,0,73,,8677,143,,,0,73,,8665,143,,,0,33,,8649,143,,,0,73,,8661,143,,,0,33,,8673,143,,,0,73,,8666,143,,,0,33,,8644,143,,,0,73,,8652,143,,,0,33,,8676,143,,,0,73,,8670,143,,,0,26,,8672,142,,,0
400,'f1b8bc1c-304d-4ce4-ace6-7c20cda06a39',840,,8696,143,,,0,71,,8690,143,,,0,33,,8689,143,,,0,73,,8681,143,,,0,33,,8692,143,,,0,73,,8693,143,,,0,33,,8679,143,,,0,73,,8684,143,,,0,73,,8698,143,,,0,33,,8695,143,,,0,73,,8680,143,,,0,33,,8688,143,,,0,73,,8686,143,,,0,33,,8685,143,,,0,73,,8687,143,,,0,33,,8683,143,,,0,73,,8697,143,,,0,33,,8678,143,,,0,73,,8691,143,,,0,73,,8694,142,,,0
