200,'208becb0-a2f3-4a1e-94d4-0c0b1bcc9f11',722,,8187,198,4,,0,33,,8188,198,4,,0,73,,8169,198,4,,0,73,,8164,198,4,,0,33,,8184,198,4,,0,73,,8165,198,4,,0,33,,8170,198,4,,0,73,,8171,198,4,,0,33,,8175,198,4,,0,73,,8185,198,4,,0,33,,8183,198,4,,0,73,,8177,198,4,,0,33,,8160,198,4,,0,73,,8173,198,4,,0,73,,8174,198,4,,0,33,,8191,198,4,,0,73,,8186,198,4,,0,33,,8182,198,4,,0,73,,8161,198,4,,0,33,,8180,198,4,,0,73,,8178,198,4,,0,33,,8166,198,4,,0,73,,8172,198,4,,0,73,,8163,198,4,,0,33,,8159,198,4,,0,73,,8162,198,4,,0,33,,8167,198,4,,0,73,,8168,198,4,,0,33,,8176,198,4,,0,73,,8190,198,4,,0,30,,8179,198,4,,0
200,'25ce079e-2902-4561-b3b8-aaefe35358b8',828,,8194,198,4,,0,73,,8211,198,4,,0,33,,8192,198,4,,0,73,,8203,198,4,,0,33,,8204,198,4,,0,73,,8202,198,4,,0,33,,8210,198,4,,0,73,,8209,198,4,,0,33,,8213,198,4,,0,73,,8197,198,4,,0,33,,8199,198,4,,0,73,,8195,198,4,,0,73,,8212,198,4,,0,33,,8200,198,4,,0,73,,8205,198,4,,0,33,,8193,198,4,,0,73,,8206,198,4,,0,33,,8207,198,4,,0,73,,8198,198,4,,0,33,,8201,198,4,,0
200,'599df357-d0cf-4a96-9d21-3021fe181a26',623,,8221,198,4,,0,26,,8215,198,4,,0,73,,8247,198,4,,0,33,,8244,198,4,,0,73,,8232,198,4,,0,73,,8224,198,4,,0,33,,8236,198,4,,0,73,,8226,198,4,,0,33,,8248,198,4,,0,73,,8241,198,4,,0,33,,8222,198,4,,0,73,,8227,198,4,,0,33,,8240,198,4,,0,73,,8231,198,4,,0,33,,8245,198,4,,0,73,,8243,198,4,,0,73,,8229,198,4,,0,33,,8246,198,4,,0,73,,8230,198,4,,0,33,,8216,198,4,,0,73,,8220,198,4,,0,33,,8239,198,4,,0,73,,8242,198,4,,0,33,,8228,198,4,,0,73,,8223,198,4,,0,73,,8218,198,4,,0,33,,8214,198,4,,0,73,,8237,198,4,,0,33,,8219,198,4,,0,73,,8225,198,4,,0,33,,8233,198,4,,0,73,,8238,198,4,,0,30,,8217,198,4,,0
200,'f1b8bc1c-304d-4ce4-ace6-7c20cda06a39',828,,8256,209,4,,0,73,,8257,209,4,,0,33,,8258,209,4,,0,73,,8265,209,4,,0,33,,8255,209,4,,0,73,,8269,209,4,,0,33,,8270,209,4,,0,73,,8268,209,4,,0,33,,8250,209,4,,0,73,,8252,209,4,,0,33,,8249,209,4,,0,73,,8262,209,4,,0,73,,8253,209,4,,0,33,,8263,209,4,,0,73,,8261,209,4,,0,33,,8259,209,4,,0,73,,8251,209,4,,0,33,,8254,209,4,,0,73,,8264,209,4,,0,33,,8267,209,4,,0
201,'208becb0-a2f3-4a1e-94d4-0c0b1bcc9f11',656,,8271,0,,,0,73,,8278,0,,,0,73,,8272,0,,,0,33,,8289,0,,,0,73,,8295,0,,,0,33,,8287,0,,,0,73,,8285,0,,,0,33,,8273,0,,,0,73,,8280,0,,,0,33,,8274,0,,,0,73,,8290,0,,,0,33,,8299,0,,,0,73,,8298,0,,,0,73,,8276,0,,,0,33,,8302,0,,,0,73,,8296,0,,,0,33,,8283,0,,,0,73,,8282,0,,,0,33,,8277,0,,,0,73,,8275,0,,,0,33,,8284,0,,,0,73,,8279,0,,,0,73,,8301,0,,,0,33,,8286,0,,,0,73,,8281,0,,,0,33,,8291,0,,,0,73,,8300,0,,,0,33,,8293,0,,,0,70,,8297,0,,,0,30,,8292,0,,,0,72,,8288,0,,,0
201,'25ce079e-2902-4561-b3b8-aaefe35358b8',802,,8312,0,,,0,33,,8309,0,,,0,73,,8304,0,,,0,33,,8303,0,,,0,73,,8319,0,,,0,33,,8305,0,,,0,73,,8313,0,,,0,33,,8307,0,,,0,73,,8311,0,,,0,33,,8317,0,,,0,73,,8306,0,,,0,73,,8321,0,,,0,33,,8308,0,,,0,73,,8314,0,,,0,33,,8316,0,,,0,73,,8322,0,,,0,33,,8315,0,,,0,73,,8310,0,,,0,33,,8318,0,,,0,73,,8320,0,,,0
201,'599df357-d0cf-4a96-9d21-3021fe181a26',550,,8336,0,,,0,73,,8339,0,,,0,33,,8352,0,,,0,73,,8347,0,,,0,73,,8324,0,,,0,33,,8341,0,,,0,73,,8346,0,,,0,33,,8325,0,,,0,73,,8354,0,,,0,33,,8338,0,,,0,73,,8334,0,,,0,33,,8348,0,,,0,73,,8337,0,,,0,33,,8335,0,,,0,73,,8323,0,,,0,73,,8333,0,,,0,33,,8350,0,,,0,73,,8329,0,,,0,33,,8327,0,,,0,73,,8331,0,,,0,33,,8340,0,,,0,73,,8330,0,,,0,33,,8345,0,,,0,73,,8326,0,,,0,73,,8349,0,,,0,33,,8344,0,,,0,73,,8356,0,,,0,33,,8357,0,,,0,73,,8328,0,,,0,33,,8343,0,,,0,70,,8342,0,,,0,30,,8332,0,,,0,72,,8353,0,,,0
201,'f1b8bc1c-304d-4ce4-ace6-7c20cda06a39',802,,8360,0,,,0,33,,8368,0,,,0,73,,8369,0,,,0,33,,8363,0,,,0,73,,8362,0,,,0,33,,8367,0,,,0,73,,8359,0,,,0,33,,8374,0,,,0,73,,8366,0,,,0,33,,8373,0,,,0,73,,8378,0,,,0,73,,8376,0,,,0,33,,8372,0,,,0,73,,8365,0,,,0,33,,8361,0,,,0,73,,8379,0,,,0,33,,8358,0,,,0,73,,8364,0,,,0,33,,8371,0,,,0,73,,8375,0,,,0
300,'208becb0-a2f3-4a1e-94d4-0c0b1bcc9f11',739,,8395,90,4,,0,73,,8400,90,4,,0,33,,8393,90,4,,0,73,,8381,90,4,,0,33,,8402,90,4,,0,73,,8401,90,4,,0,33,,8405,90,4,,0,73,,8404,90,4,,0,73,,8382,90,4,,0,33,,8391,90,4,,0,73,,8407,90,4,,0,33,,8386,90,4,,0,73,,8380,90,4,,0,33,,8394,90,4,,0,73,,8397,90,4,,0,33,,8410,90,4,,0,73,,8406,90,4,,0,73,,8384,90,4,,0,33,,8396,90,4,,0,73,,8387,90,4,,0,33,,8403,90,4,,0,73,,8383,90,4,,0,33,,8385,90,4,,0,73,,8409,90,4,,0,33,,8388,90,4,,0,73,,8408,90,4,,0,33,,8389,90,4,,0,73,,8398,90,4,,0,73,,8399,90,4,,0,24,,8392,90,4,,0,30,,8390,90,4,,0
300,'25ce079e-2902-4561-b3b8-aaefe35358b8',812,,8422,90,4,,0,33,,8411,90,4,,0,73,,8420,90,4,,0,33,,8427,90,4,,0,73,,8412,90,4,,0,33,,8416,90,4,,0,73,,8430,90,4,,0,73,,8428,90,4,,0,33,,8423,90,4,,0,73,,8421,90,4,,0,33,,8414,90,4,,0,73,,8418,90,4,,0,33,,8425,90,4,,0,73,,8419,90,4,,0,33,,8424,90,4,,0,73,,8415,90,4,,0,73,,8413,90,4,,0,33,,8429,90,4,,0,73,,8417,90,4,,0,33,,8431,90,4,,0,68,,8426,90,4,,0
300,'599df357-d0cf-4a96-9d21-3021fe181a26',633,,8458,90,4,,0,74,,8435,90,4,,0,32,,8451,90,4,,0,73,,8449,90,4,,0,33,,8454,90,4,,0,73,,8443,90,4,,0,33,,8446,90,4,,0,73,,8461,90,4,,0,33,,8442,90,4,,0,73,,8441,90,4,,0,73,,8462,90,4,,0,33,,8445,90,4,,0,73,,8433,90,4,,0,33,,8434,90,4,,0,73,,8450,90,4,,0,33,,8436,90,4,,0,73,,8437,90,4,,0,33,,8456,90,4,,0,73,,8438,90,4,,0,73,,8459,90,4,,0,33,,8455,90,4,,0,73,,8463,90,4,,0,33,,8432,90,4,,0,73,,8439,90,4,,0,33,,8447,90,4,,0,73,,8460,90,4,,0,33,,8453,90,4,,0,73,,8444,90,4,,0,33,,8464,90,4,,0,73,,8440,90,4,,0,73,,8452,90,4,,0,24,,8448,90,4,,0,30,,8457,90,4,,0
300,'f1b8bc1c-304d-4ce4-ace6-7c20cda06a39',812,,8474,90,4,,0,33,,8470,90,4,,0,73,,8465,90,4,,0,33,,8483,90,4,,0,73,,8478,90,4,,0,33,,8480,90,4,,0,73,,8484,90,4,,0,73,,8468,90,4,,0,33,,8472,90,4,,0,73,,8482,90,4,,0,33,,8485,90,4,,0,73,,8473,90,4,,0,33,,8469,90,4,,0,73,,8481,90,4,,0,33,,8471,90,4,,0,73,,8475,90,4,,0,73,,8477,90,4,,0,33,,8479,90,4,,0,73,,8467,90,4,,0,33,,8476,90,4,,0,68,,8466,90,4,,0
301,'208becb0-a2f3-4a1e-94d4-0c0b1bcc9f11',715,,8508,0,,,0,33,,8497,0,,,0,73,,8488,0,,,0,33,,8498,0,,,0,73,,8491,0,,,0,73,,8516,0,,,0,33,,8501,0,,,0,73,,8486,0,,,0,33,,8514,0,,,0,73,,8500,0,,,0,33,,8510,0,,,0,73,,8504,0,,,0,33,,8509,0,,,0,73,,8493,0,,,0,33,,8495,0,,,0,73,,8505,0,,,0,73,,8503,0,,,0,33,,8496,0,,,0,73,,8513,0,,,0,33,,8487,0,,,0,73,,8512,0,,,0,33,,8494,0,,,0,73,,8515,0,,,0,33,,8489,0,,,0,73,,8511,0,,,0,73,,8492,0,,,0,33,,8507,0,,,0,73,,8502,0,,,0,30,,8499,0,,,0,70,,8506,0,,,0,30,,8490,0,,,0
301,'25ce079e-2902-4561-b3b8-aaefe35358b8',748,,8530,0,,,0,73,,8536,0,,,0,33,,8537,0,,,0,73,,8517,0,,,0,73,,8532,0,,,0,33,,8518,0,,,0,73,,8521,0,,,0,33,,8529,0,,,0,73,,8522,0,,,0,33,,8519,0,,,0,73,,8525,0,,,0,33,,8520,0,,,0,73,,8531,0,,,0,33,,8533,0,,,0,73,,8526,0,,,0,73,,8528,0,,,0,33,,8523,0,,,0,73,,8534,0,,,0,33,,8535,0,,,0,73,,8527,0,,,0,25,,8524,0,,,0
301,'599df357-d0cf-4a96-9d21-3021fe181a26',610,,8568,0,,,0,32,,8550,0,,,0,73,,8557,0,,,0,33,,8563,0,,,0,73,,8543,0,,,0,33,,8549,0,,,0,73,,8548,0,,,0,73,,8558,0,,,0,33,,8555,0,,,0,73,,8553,0,,,0,33,,8560,0,,,0,73,,8564,0,,,0,33,,8566,0,,,0,73,,8569,0,,,0,33,,8546,0,,,0,73,,8551,0,,,0,33,,8542,0,,,0,73,,8562,0,,,0,73,,8544,0,,,0,33,,8559,0,,,0,73,,8552,0,,,0,33,,8547,0,,,0,73,,8554,0,,,0,33,,8561,0,,,0,73,,8540,0,,,0,33,,8545,0,,,0,73,,8541,0,,,0,73,,8538,0,,,0,33,,8570,0,,,0,73,,8556,0,,,0,30,,8539,0,,,0,70,,8565,0,,,0,30,,8567,0,,,0
301,'f1b8bc1c-304d-4ce4-ace6-7c20cda06a39',748,,8571,0,,,0,73,,8574,0,,,0,33,,8588,0,,,0,73,,8589,0,,,0,73,,8579,0,,,0,33,,8578,0,,,0,73,,8577,0,,,0,33,,8572,0,,,0,73,,8580,0,,,0,33,,8576,0,,,0,73,,8575,0,,,0,33,,8590,0,,,0,73,,8582,0,,,0,33,,8585,0,,,0,73,,8584,0,,,0,73,,8586,0,,,0,33,,8583,0,,,0,73,,8591,0,,,0,33,,8581,0,,,0,73,,8573,0,,,0,25,,8587,0,,,0
400,'208becb0-a2f3-4a1e-94d4-0c0b1bcc9f11',740,,8616,154,4,,0,72,,8607,154,4,,0,35,,8610,154,4,,0,71,,8598,154,4,,0,33,,8599,154,4,,0,73,,8611,154,4,,0,33,,8596,154,4,,0,73,,8612,154,4,,0,73,,8620,154,4,,0,33,,8615,154,4,,0,73,,8604,154,4,,0,33,,8603,154,4,,0,73,,8609,154,4,,0,33,,8613,154,4,,0,73,,8601,154,4,,0,33,,8617,154,4,,0,73,,8621,154,4,,0,73,,8618,154,4,,0,33,,8619,154,4,,0,73,,8623,154,4,,0,33,,8622,154,4,,0,73,,8592,154,4,,0,33,,8602,154,4,,0,73,,8606,154,4,,0,33,,8595,154,4,,0,73,,8600,154,4,,0,33,,8605,154,4,,0,73,,8593,154,4,,0,73,,8614,154,4,,0,33,,8608,154,4,,0,66,,8597,153,4,,0
400,'25ce079e-2902-4561-b3b8-aaefe35358b8',847,,8631,154,4,,0,71,,8639,154,4,,0,33,,8630,154,4,,0,73,,8642,154,4,,0,33,,8633,154,4,,0,73,,8643,154,4,,0,73,,8637,154,4,,0,33,,8629,154,4,,0,73,,8640,154,4,,0,33,,8625,154,4,,0,73,,8641,154,4,,0,33,,8638,154,4,,0,73,,8624,154,4,,0,33,,8628,154,4,,0,73,,8632,154,4,,0,73,,8626,154,4,,0,33,,8636,154,4,,0,73,,8634,154,4,,0,33,,8635,154,4,,0,73,,8627,153,4,,0
400,'599df357-d0cf-4a96-9d21-3021fe181a26',642,,8664,154,4,,0,65,,8658,154,4,,0,33,,8671,154,4,,0,72,,8667,154,4,,0,34,,8654,154,4,,0,72,,8651,154,4,,0,33,,8647,154,4,,0,73,,8650,154,4,,0,33,,8648,154,4,,0,73,,8660,154,4,,0,73,,8656,154,4,,0,33,,8675,154,4,,0,73,,8657,154,4,,0,33,,8669,154,4,,0,73,,8659,154,4,,0,33,,8674,154,4,,0,73,,8655,154,4,,0,33,,8663,154,4,,0,73,,8645,154,4,,0,73,,8668,154,4,,0,33,,8653,154,4,,0,73,,8662,154,4,,0,33,,8677,154,4,,0,73,,8665,154,4,,0,33,,8649,154,4,,0,73,,8661,154,4,,0,33,,8673,154,4,,0,73,,8666,154,4,,0,33,,8644,154,4,,0,73,,8652,154,4,,0,73,,8676,154,4,,0,33,,8670,154,4,,0,66,,8672,153,4,,0
400,'f1b8bc1c-304d-4ce4-ace6-7c20cda06a39',847,,8696,154,4,,0,71,,8690,154,4,,0,33,,8689,154,4,,0,73,,8681,154,4,,0,33,,8692,154,4,,0,73,,8693,154,4,,0,73,,8679,154,4,,0,33,,8684,154,4,,0,73,,8698,154,4,,0,33,,8695,154,4,,0,73,,8680,154,4,,0,33,,8688,154,4,,0,73,,8686,154,4,,0,33,,8685,154,4,,0,73,,8687,154,4,,0,73,,8683,154,4,,0,33,,8697,154,4,,0,73,,8678,154,4,,0,33,,8691,154,4,,0,73,,8694,153,4,,0
401,'208becb0-a2f3-4a1e-94d4-0c0b1bcc9f11',711,,8722,0,,,0,31,,8707,0,,,0,73,,8703,0,,,0,33,,8702,0,,,0,73,,8711,0,,,0,33,,8730,0,,,0,73,,8721,0,,,0,73,,8701,0,,,0,33,,8715,0,,,0,73,,8727,0,,,0,33,,8719,0,,,0,73,,8713,0,,,0,33,,8716,0,,,0,73,,8731,0,,,0,33,,8700,0,,,0,73,,8704,0,,,0,33,,8717,0,,,0,73,,8729,0,,,0,73,,8699,0,,,0,33,,8709,0,,,0,73,,8728,0,,,0,33,,8720,0,,,0,73,,8714,0,,,0,33,,8726,0,,,0,73,,8718,0,,,0,33,,8725,0,,,0,73,,8723,0,,,0,73,,8708,0,,,0,33,,8705,0,,,0,73,,8706,0,,,0,21,,8712,0,,,0
401,'25ce079e-2902-4561-b3b8-aaefe35358b8',815,,8737,0,,,0,33,,8746,0,,,0,73,,8748,0,,,0,33,,8738,0,,,0,73,,8750,0,,,0,73,,8752,0,,,0,33,,8749,0,,,0,73,,8744,0,,,0,33,,8733,0,,,0,73,,8745,0,,,0,33,,8741,0,,,0,73,,8740,0,,,0,33,,8736,0,,,0,73,,8739,0,,,0,33,,8735,0,,,0,73,,8753,0,,,0,73,,8751,0,,,0,33,,8734,0,,,0,73,,8742,0,,,0,33,,8747,0,,,0
401,'599df357-d0cf-4a96-9d21-3021fe181a26',605,,8778,0,,,0,31,,8776,0,,,0,74,,8780,0,,,0,32,,8757,0,,,0,73,,8761,0,,,0,33,,8765,0,,,0,73,,8767,0,,,0,33,,8760,0,,,0,73,,8773,0,,,0,73,,8781,0,,,0,33,,8775,0,,,0,73,,8786,0,,,0,33,,8774,0,,,0,73,,8754,0,,,0,33,,8763,0,,,0,73,,8756,0,,,0,33,,8782,0,,,0,73,,8766,0,,,0,33,,8784,0,,,0,73,,8758,0,,,0,73,,8759,0,,,0,33,,8762,0,,,0,73,,8779,0,,,0,33,,8755,0,,,0,73,,8769,0,,,0,33,,8768,0,,,0,73,,8785,0,,,0,33,,8783,0,,,0,73,,8771,0,,,0,73,,8772,0,,,0,33,,8770,0,,,0,73,,8777,0,,,0,21,,8764,0,,,0
401,'f1b8bc1c-304d-4ce4-ace6-7c20cda06a39',815,,8794,0,,,0,33,,8790,0,,,0,73,,8793,0,,,0,33,,8801,0,,,0,73,,8798,0,,,0,73,,8799,0,,,0,33,,8808,0,,,0,73,,8792,0,,,0,33,,8787,0,,,0,73,,8805,0,,,0,33,,8803,0,,,0,73,,8797,0,,,0,33,,8804,0,,,0,73,,8791,0,,,0,33,,8802,0,,,0,73,,8800,0,,,0,73,,8789,0,,,0,33,,8795,0,,,0,73,,8807,0,,,0,33,,8796,0,,,0
