100,'0fbe59f6-d4bc-41cf-9d89-7119a6d1eb67',654,,9340,0,,,0,76,,9363,0,,,0,73,,9337,0,,,0,33,,9346,0,,,0,73,,9350,0,,,0,33,,9356,0,,,0,73,,9344,0,,,0,33,,9366,0,,,0,73,,9339,0,,,0,33,,9358,0,,,0,73,,9360,0,,,0,73,,9343,0,,,0,35,,9352,0,,,0,75,,9342,0,,,0,35,,9365,0,,,0,75,,9355,0,,,0,35,,9335,0,,,0,75,,9351,0,,,0,75,,9359,0,,,0,35,,9364,0,,,0,73,,9336,0,,,0,33,,9341,0,,,0,73,,9349,0,,,0,33,,9334,0,,,0,73,,9357,0,,,0,33,,9345,0,,,0,73,,9362,0,,,0,73,,9338,0,,,0,30,,9361,0,,,0,21,,9347,0,,,0,70,,9353,0,,,0,23,,9348,0,,,0
100,'79ca8b2f-a5ba-4317-be99-b99c34cbda89',803,,9378,0,,,0,33,,9385,0,,,0,73,,9368,0,,,0,33,,9370,0,,,0,73,,9369,0,,,0,33,,9382,0,,,0,73,,9379,0,,,0,33,,9384,0,,,0,73,,9380,0,,,0,73,,9367,0,,,0,33,,9387,0,,,0,73,,9386,0,,,0,33,,9381,0,,,0,73,,9377,0,,,0,33,,9371,0,,,0,73,,9372,0,,,0,33,,9374,0,,,0,73,,9383,0,,,0,33,,9375,0,,,0,73,,9376,0,,,0,25,,9373,0,,,0
100,'d0b31cb1-5133-4edf-a738-44ef9b24ca11',803,,9393,0,,,0,33,,9398,0,,,0,73,,9403,0,,,0,33,,9405,0,,,0,73,,9401,0,,,0,33,,9408,0,,,0,73,,9407,0,,,0,33,,9409,0,,,0,73,,9390,0,,,0,73,,9400,0,,,0,33,,9389,0,,,0,73,,9392,0,,,0,33,,9388,0,,,0,73,,9402,0,,,0,33,,9406,0,,,0,73,,9399,0,,,0,33,,9410,0,,,0,73,,9396,0,,,0,33,,9391,0,,,0,73,,9397,0,,,0,25,,9404,0,,,0
100,'f7e5e6f9-100f-43d4-b32c-13a52a04d3e9',600,,9441,0,,,0,28,,9442,0,,,0,29,,9436,0,,,0,73,,9445,0,,,0,73,,9416,0,,,0,33,,9412,0,,,0,73,,9429,0,,,0,33,,9414,0,,,0,73,,9433,0,,,0,33,,9426,0,,,0,73,,9431,0,,,0,33,,9435,0,,,0,73,,9413,0,,,0,73,,9417,0,,,0,35,,9420,0,,,0,75,,9440,0,,,0,35,,9415,0,,,0,75,,9430,0,,,0,35,,9432,0,,,0,75,,9421,0,,,0,75,,9427,0,,,0,35,,9424,0,,,0,73,,9418,0,,,0,33,,9422,0,,,0,73,,9428,0,,,0,33,,9411,0,,,0,73,,9438,0,,,0,33,,9434,0,,,0,73,,9444,0,,,0,73,,9443,0,,,0,30,,9425,0,,,0,21,,9437,0,,,0,70,,9439,0,,,0,23,,9419,0,,,0
101,'0fbe59f6-d4bc-41cf-9d89-7119a6d1eb67',720,,9461,160,4,,0,33,,9457,160,4,,0,73,,9458,160,4,,0,33,,9463,160,4,,0,73,,9455,160,4,,0,73,,9453,160,4,,0,33,,9474,160,4,,0,73,,9471,160,4,,0,33,,9449,160,4,,0,73,,9470,160,4,,0,33,,9472,160,4,,0,73,,9454,160,4,,0,78,,9448,160,4,,0,35,,9446,160,4,,0,75,,9473,160,4,,0,35,,9475,160,4,,0,75,,9477,160,4,,0,35,,9456,160,4,,0,75,,9465,160,4,,0,75,,9469,160,4,,0,30,,9450,160,4,,0,73,,9479,160,4,,0,33,,9459,160,4,,0,73,,9462,160,4,,0,33,,9464,160,4,,0,73,,9478,160,4,,0,33,,9476,160,4,,0,70,,9467,160,4,,0,24,,9468,160,4,,0,70,,9447,160,4,,0,30,,9452,160,4,,0,10,,9466,164,4,,0
101,'79ca8b2f-a5ba-4317-be99-b99c34cbda89',826,,9482,160,4,,0,33,,9491,160,4,,0,73,,9481,160,4,,0,73,,9498,160,4,,0,33,,9488,160,4,,0,73,,9501,160,4,,0,33,,9489,160,4,,0,73,,9495,160,4,,0,33,,9499,160,4,,0,73,,9487,160,4,,0,33,,9492,160,4,,0,73,,9484,160,4,,0,73,,9500,160,4,,0,33,,9493,160,4,,0,73,,9497,160,4,,0,33,,9483,160,4,,0,73,,9494,160,4,,0,33,,9490,160,4,,0,73,,9485,160,4,,0,33,,9496,160,4,,0
101,'d0b31cb1-5133-4edf-a738-44ef9b24ca11',826,,9504,160,4,,0,33,,9511,160,4,,0,73,,9521,160,4,,0,73,,9520,160,4,,0,33,,9523,160,4,,0,73,,9506,160,4,,0,33,,9518,160,4,,0,73,,9510,160,4,,0,33,,9522,160,4,,0,73,,9507,160,4,,0,33,,9512,160,4,,0,73,,9517,160,4,,0,73,,9503,160,4,,0,33,,9508,160,4,,0,73,,9505,160,4,,0,33,,9502,160,4,,0,73,,9513,160,4,,0,33,,9519,160,4,,0,73,,9514,160,4,,0,33,,9509,160,4,,0
101,'f7e5e6f9-100f-43d4-b32c-13a52a04d3e9',618,,9537,160,4,,0,26,,9553,160,4,,0,76,,9528,160,4,,0,33,,9552,160,4,,0,73,,9554,160,4,,0,33,,9525,160,4,,0,73,,9543,160,4,,0,73,,9535,160,4,,0,33,,9547,160,4,,0,73,,9556,160,4,,0,33,,9527,160,4,,0,73,,9536,160,4,,0,33,,9541,160,4,,0,73,,9524,160,4,,0,78,,9550,160,4,,0,35,,9538,160,4,,0,75,,9532,160,4,,0,35,,9526,160,4,,0,75,,9544,160,4,,0,35,,9531,160,4,,0,75,,9539,160,4,,0,75,,9548,160,4,,0,30,,9551,160,4,,0,73,,9557,160,4,,0,33,,9546,160,4,,0,73,,9549,160,4,,0,33,,9533,160,4,,0,73,,9545,160,4,,0,33,,9542,160,4,,0,70,,9529,160,4,,0,24,,9530,160,4,,0,70,,9555,160,4,,0,30,,9540,160,4,,0,10,,9558,164,4,,0
5100,'0fbe59f6-d4bc-41cf-9d89-7119a6d1eb67',716,,10219,94,4,,0,40,,10223,94,4,,0,80,,10222,94,4,,0,80,,10214,94,4,,0,40,,10225,94,4,,0,80,,10217,94,4,,0,80,,10216,94,4,,0,40,,10224,94,4,,0,80,,10211,94,4,,0,80,,10218,94,4,,0,40,,10226,94,4,,0,80,,10213,94,4,,0,80,,10220,94,4,,0,40,,10228,94,4,,0,80,,10215,94,4,,0,80,,10212,94,4,,0,40,,10221,94,4,,0,80,,10227,94,4,,0
5100,'f7e5e6f9-100f-43d4-b32c-13a52a04d3e9',716,,10244,94,4,,0,40,,10239,94,4,,0,80,,10242,94,4,,0,80,,10243,94,4,,0,40,,10230,94,4,,0,80,,10237,94,4,,0,80,,10234,94,4,,0,85,,10236,94,4,,0,45,,10240,94,4,,0,85,,10245,94,4,,0,85,,10229,94,4,,0,85,,10232,94,4,,0,45,,10235,94,4,,0,85,,10238,94,4,,0,85,,10233,94,4,,0,40,,10231,94,4,,0,80,,10241,94,4,,0
5101,'0fbe59f6-d4bc-41cf-9d89-7119a6d1eb67',716,,10253,0,,,0,40,,10263,0,,,0,80,,10258,0,,,0,80,,10262,0,,,0,40,,10254,0,,,0,80,,10248,0,,,0,80,,10251,0,,,0,40,,10247,0,,,0,80,,10249,0,,,0,80,,10250,0,,,0,40,,10260,0,,,0,80,,10259,0,,,0,80,,10255,0,,,0,40,,10246,0,,,0,80,,10256,0,,,0,80,,10252,0,,,0,40,,10257,0,,,0,80,,10261,0,,,0
5101,'f7e5e6f9-100f-43d4-b32c-13a52a04d3e9',615,,10271,0,,,0,23,,10281,0,,,0,78,,10269,0,,,0,40,,10282,0,,,0,80,,10267,0,,,0,80,,10270,0,,,0,40,,10275,0,,,0,80,,10264,0,,,0,84,,10279,0,,,0,85,,10272,0,,,0,45,,10278,0,,,0,85,,10274,0,,,0,85,,10277,0,,,0,85,,10273,0,,,0,45,,10265,0,,,0,85,,10280,0,,,0,85,,10268,0,,,0,80,,10276,0,,,0,40,,10266,0,,,0
