200,'0fbe59f6-d4bc-41cf-9d89-7119a6d1eb67',720,,9585,203,,,0,33,,9562,203,,,0,73,,9559,203,,,0,33,,9571,204,,,0,73,,9580,204,,,0,73,,9569,204,,,0,33,,9591,204,,,0,73,,9592,204,,,0,33,,9573,204,,,0,73,,9565,204,,,0,33,,9564,204,,,0,73,,9572,204,,,0,78,,9590,204,,,0,35,,9575,204,,,0,75,,9567,204,,,0,35,,9568,204,,,0,75,,9560,204,,,0,35,,9576,204,,,0,75,,9563,204,,,0,75,,9581,204,,,0,30,,9582,204,,,0,73,,9584,204,,,0,33,,9566,203,,,0,73,,9577,203,,,0,33,,9589,203,,,0,73,,9586,203,,,0,33,,9570,203,,,0,73,,9578,203,,,0,27,,9588,203,,,0,66,,9583,203,,,0,30,,9587,204,,,0
200,'79ca8b2f-a5ba-4317-be99-b99c34cbda89',826,,9606,203,,,0,33,,9601,203,,,0,73,,9595,203,,,0,73,,9610,203,,,0,33,,9602,203,,,0,73,,9609,203,,,0,33,,9605,203,,,0,73,,9596,203,,,0,33,,9614,203,,,0,73,,9612,203,,,0,33,,9599,203,,,0,73,,9598,203,,,0,73,,9597,203,,,0,33,,9611,203,,,0,73,,9593,203,,,0,33,,9613,203,,,0,73,,9594,203,,,0,33,,9604,203,,,0,73,,9603,203,,,0,33,,9607,204,,,0
200,'d0b31cb1-5133-4edf-a738-44ef9b24ca11',826,,9633,203,,,0,33,,9628,203,,,0,73,,9632,203,,,0,73,,9620,203,,,0,33,,9619,203,,,0,73,,9617,203,,,0,33,,9621,203,,,0,73,,9634,203,,,0,33,,9626,203,,,0,73,,9627,203,,,0,33,,9625,203,,,0,73,,9630,203,,,0,73,,9624,203,,,0,33,,9635,203,,,0,73,,9636,203,,,0,33,,9618,203,,,0,73,,9631,203,,,0,33,,9623,203,,,0,73,,9616,203,,,0,33,,9615,204,,,0
200,'f7e5e6f9-100f-43d4-b32c-13a52a04d3e9',621,,9648,203,,,0,24,,9649,204,,,0,75,,9654,204,,,0,33,,9650,204,,,0,73,,9667,204,,,0,33,,9668,204,,,0,73,,9663,204,,,0,73,,9653,204,,,0,33,,9656,204,,,0,73,,9639,204,,,0,33,,9641,204,,,0,73,,9642,204,,,0,33,,9652,204,,,0,73,,9670,204,,,0,78,,9666,204,,,0,35,,9643,204,,,0,75,,9647,204,,,0,35,,9661,204,,,0,75,,9664,204,,,0,35,,9637,204,,,0,75,,9646,204,,,0,75,,9657,204,,,0,30,,9659,204,,,0,73,,9651,204,,,0,33,,9665,203,,,0,73,,9669,203,,,0,33,,9638,203,,,0,73,,9662,203,,,0,33,,9645,203,,,0,73,,9658,203,,,0,27,,9644,203,,,0,66,,9671,203,,,0,30,,9660,204,,,0
300,'0fbe59f6-d4bc-41cf-9d89-7119a6d1eb67',737,,9801,85,,,0,73,,9800,85,,,0,33,,9804,85,,,0,73,,9793,85,,,0,33,,9803,85,,,0,73,,9808,85,,,0,33,,9784,85,,,0,73,,9781,85,,,0,73,,9797,85,,,0,33,,9794,85,,,0,73,,9802,85,,,0,38,,9811,85,,,0,75,,9787,85,,,0,35,,9783,85,,,0,75,,9789,85,,,0,75,,9788,85,,,0,35,,9809,85,,,0,75,,9785,85,,,0,35,,9795,85,,,0,73,,9792,85,,,0,32,,9782,85,,,0,74,,9807,85,,,0,73,,9791,85,,,0,33,,9810,85,,,0,73,,9806,85,,,0,33,,9798,85,,,0,73,,9796,85,,,0,27,,9805,85,,,0,65,,9786,85,,,0,20,,9799,85,,,0,30,,9790,85,,,0
300,'79ca8b2f-a5ba-4317-be99-b99c34cbda89',810,,9824,85,,,0,33,,9819,85,,,0,73,,9827,85,,,0,33,,9813,85,,,0,73,,9814,85,,,0,33,,9816,85,,,0,73,,9818,85,,,0,73,,9820,85,,,0,33,,9823,85,,,0,73,,9822,85,,,0,33,,9828,85,,,0,73,,9821,85,,,0,33,,9826,85,,,0,73,,9829,85,,,0,33,,9815,85,,,0,73,,9832,85,,,0,33,,9825,85,,,0,73,,9831,85,,,0,73,,9812,85,,,0,33,,9830,85,,,0,68,,9817,85,,,0
300,'d0b31cb1-5133-4edf-a738-44ef9b24ca11',810,,9835,85,,,0,33,,9851,85,,,0,73,,9850,85,,,0,33,,9844,85,,,0,73,,9837,85,,,0,33,,9840,85,,,0,73,,9849,85,,,0,73,,9853,85,,,0,33,,9847,85,,,0,73,,9833,85,,,0,33,,9843,85,,,0,73,,9834,85,,,0,33,,9846,85,,,0,73,,9848,85,,,0,33,,9836,85,,,0,73,,9841,85,,,0,33,,9839,85,,,0,73,,9852,85,,,0,73,,9842,85,,,0,33,,9845,85,,,0,68,,9838,85,,,0
300,'f7e5e6f9-100f-43d4-b32c-13a52a04d3e9',631,,9855,85,,,0,74,,9885,85,,,0,32,,9876,85,,,0,73,,9862,85,,,0,33,,9868,85,,,0,73,,9880,85,,,0,33,,9866,85,,,0,73,,9878,85,,,0,33,,9857,85,,,0,73,,9867,85,,,0,73,,9882,85,,,0,33,,9865,85,,,0,73,,9858,85,,,0,38,,9881,85,,,0,75,,9869,85,,,0,35,,9854,85,,,0,75,,9863,85,,,0,75,,9874,85,,,0,35,,9886,85,,,0,75,,9883,85,,,0,35,,9864,85,,,0,73,,9861,85,,,0,32,,9879,85,,,0,74,,9856,85,,,0,73,,9860,85,,,0,33,,9873,85,,,0,73,,9884,85,,,0,33,,9875,85,,,0,73,,9870,85,,,0,27,,9871,85,,,0,65,,9859,85,,,0,20,,9877,85,,,0,30,,9872,85,,,0
400,'0fbe59f6-d4bc-41cf-9d89-7119a6d1eb67',738,,9996,151,,,0,72,,10005,151,,,0,35,,10012,151,,,0,71,,9994,151,,,0,33,,10016,151,,,0,73,,10001,151,,,0,33,,9995,151,,,0,73,,10017,151,,,0,73,,10004,151,,,0,33,,10024,151,,,0,73,,9993,151,,,0,33,,10013,151,,,0,73,,9999,151,,,0,37,,10023,151,,,0,78,,10007,151,,,0,76,,10019,151,,,0,36,,10008,151,,,0,75,,10002,151,,,0,35,,10011,151,,,0,71,,10009,151,,,0,34,,10006,151,,,0,75,,10014,151,,,0,72,,10022,151,,,0,32,,10003,151,,,0,74,,10021,151,,,0,33,,10018,151,,,0,73,,9998,151,,,0,24,,10000,151,,,0,70,,10020,151,,,0,25,,10015,151,,,0,67,,9997,150,,,0
400,'79ca8b2f-a5ba-4317-be99-b99c34cbda89',845,,10029,151,,,0,71,,10035,151,,,0,33,,10027,151,,,0,73,,10039,151,,,0,33,,10026,151,,,0,73,,10038,151,,,0,73,,10041,151,,,0,33,,10032,151,,,0,73,,10040,151,,,0,33,,10030,151,,,0,73,,10031,151,,,0,33,,10034,151,,,0,73,,10033,151,,,0,33,,10037,151,,,0,73,,10036,151,,,0,33,,10025,151,,,0,73,,10044,151,,,0,73,,10042,151,,,0,33,,10043,151,,,0,73,,10028,150,,,0
400,'d0b31cb1-5133-4edf-a738-44ef9b24ca11',845,,10056,151,,,0,71,,10057,151,,,0,33,,10047,151,,,0,73,,10052,151,,,0,33,,10051,151,,,0,73,,10053,151,,,0,73,,10049,151,,,0,33,,10045,151,,,0,73,,10055,151,,,0,33,,10065,151,,,0,73,,10059,151,,,0,33,,10054,151,,,0,73,,10050,151,,,0,33,,10061,151,,,0,73,,10048,151,,,0,33,,10064,151,,,0,73,,10046,151,,,0,73,,10058,151,,,0,33,,10062,151,,,0,73,,10060,150,,,0
400,'f7e5e6f9-100f-43d4-b32c-13a52a04d3e9',640,,10100,151,,,0,65,,10084,151,,,0,33,,10070,151,,,0,72,,10094,151,,,0,34,,10093,151,,,0,72,,10077,151,,,0,33,,10092,151,,,0,73,,10087,151,,,0,33,,10066,151,,,0,73,,10099,151,,,0,73,,10082,151,,,0,33,,10068,151,,,0,73,,10076,151,,,0,33,,10095,151,,,0,73,,10075,151,,,0,37,,10088,151,,,0,78,,10085,151,,,0,76,,10080,151,,,0,36,,10098,151,,,0,75,,10081,151,,,0,35,,10086,151,,,0,71,,10079,151,,,0,34,,10071,151,,,0,75,,10067,151,,,0,72,,10069,151,,,0,32,,10073,151,,,0,74,,10097,151,,,0,33,,10089,151,,,0,73,,10096,151,,,0,24,,10083,151,,,0,70,,10091,151,,,0,25,,10078,151,,,0,67,,10072,150,,,0
