201,'0fbe59f6-d4bc-41cf-9d89-7119a6d1eb67',657,,9698,4,,,0,73,,9693,4,,,0,73,,9680,4,,,0,33,,9701,4,,,0,73,,9702,4,,,0,33,,9688,4,,,0,73,,9674,4,,,0,33,,9703,4,,,0,73,,9679,4,,,0,33,,9699,4,,,0,73,,9676,4,,,0,75,,9692,4,,,0,35,,9691,4,,,0,75,,9684,4,,,0,35,,9677,4,,,0,75,,9700,4,,,0,35,,9689,4,,,0,75,,9687,4,,,0,75,,9695,4,,,0,33,,9694,4,,,0,73,,9697,4,,,0,33,,9686,4,,,0,73,,9672,4,,,0,33,,9682,4,,,0,73,,9685,4,,,0,33,,9690,4,,,0,73,,9675,4,,,0,70,,9681,4,,,0,30,,9673,4,,,0,70,,9696,4,,,0,25,,9678,4,,,0
201,'79ca8b2f-a5ba-4317-be99-b99c34cbda89',803,,9718,4,,,0,33,,9705,4,,,0,73,,9723,4,,,0,33,,9708,4,,,0,73,,9714,4,,,0,33,,9711,4,,,0,73,,9704,4,,,0,33,,9716,4,,,0,73,,9712,4,,,0,73,,9706,4,,,0,33,,9707,4,,,0,73,,9713,4,,,0,33,,9720,4,,,0,73,,9721,4,,,0,33,,9722,4,,,0,74,,9709,4,,,0,32,,9715,4,,,0,73,,9710,4,,,0,33,,9719,4,,,0,73,,9717,4,,,0
201,'d0b31cb1-5133-4edf-a738-44ef9b24ca11',803,,9738,4,,,0,33,,9724,4,,,0,73,,9732,4,,,0,33,,9726,4,,,0,73,,9736,4,,,0,33,,9744,4,,,0,73,,9742,4,,,0,33,,9735,4,,,0,73,,9727,4,,,0,73,,9741,4,,,0,33,,9733,4,,,0,73,,9725,4,,,0,33,,9740,4,,,0,73,,9737,4,,,0,33,,9743,4,,,0,73,,9729,4,,,0,33,,9739,4,,,0,73,,9734,4,,,0,33,,9730,4,,,0,73,,9745,4,,,0
201,'f7e5e6f9-100f-43d4-b32c-13a52a04d3e9',551,,9760,4,,,0,73,,9751,4,,,0,33,,9755,4,,,0,73,,9774,4,,,0,73,,9762,4,,,0,33,,9772,4,,,0,73,,9763,4,,,0,33,,9761,4,,,0,73,,9758,4,,,0,33,,9747,4,,,0,73,,9771,4,,,0,33,,9773,4,,,0,73,,9759,4,,,0,75,,9776,4,,,0,35,,9757,4,,,0,75,,9777,4,,,0,35,,9768,4,,,0,75,,9775,4,,,0,35,,9754,4,,,0,75,,9752,4,,,0,75,,9778,4,,,0,33,,9770,4,,,0,73,,9769,4,,,0,33,,9748,4,,,0,73,,9779,4,,,0,33,,9746,4,,,0,73,,9753,4,,,0,33,,9767,4,,,0,73,,9765,4,,,0,70,,9780,4,,,0,30,,9749,4,,,0,70,,9750,4,,,0,25,,9766,4,,,0
301,'0fbe59f6-d4bc-41cf-9d89-7119a6d1eb67',716,,9906,5,,,0,33,,9912,5,,,0,73,,9898,5,,,0,33,,9907,5,,,0,73,,9897,5,,,0,73,,9896,5,,,0,33,,9908,5,,,0,73,,9895,5,,,0,33,,9910,5,,,0,73,,9900,5,,,0,34,,9890,5,,,0,75,,9887,5,,,0,35,,9894,5,,,0,75,,9913,5,,,0,75,,9892,5,,,0,35,,9914,5,,,0,75,,9902,5,,,0,35,,9916,5,,,0,75,,9911,5,,,0,74,,9903,5,,,0,34,,9893,5,,,0,73,,9889,5,,,0,33,,9888,5,,,0,73,,9904,5,,,0,33,,9901,5,,,0,73,,9915,5,,,0,33,,9909,5,,,0,73,,9905,5,,,0,20,,9899,5,,,0,70,,9917,5,,,0,25,,9891,5,,,0
301,'79ca8b2f-a5ba-4317-be99-b99c34cbda89',749,,9919,5,,,0,73,,9934,5,,,0,33,,9932,5,,,0,73,,9935,5,,,0,73,,9918,5,,,0,33,,9929,5,,,0,73,,9926,5,,,0,33,,9938,5,,,0,73,,9925,5,,,0,33,,9923,5,,,0,73,,9921,5,,,0,33,,9931,5,,,0,73,,9924,5,,,0,33,,9937,5,,,0,73,,9927,5,,,0,73,,9922,5,,,0,33,,9920,5,,,0,73,,9933,5,,,0,33,,9928,5,,,0,73,,9930,5,,,0,25,,9936,5,,,0
301,'d0b31cb1-5133-4edf-a738-44ef9b24ca11',749,,9949,5,,,0,73,,9957,5,,,0,33,,9944,5,,,0,73,,9943,5,,,0,73,,9948,5,,,0,33,,9952,5,,,0,73,,9939,5,,,0,33,,9953,5,,,0,73,,9955,5,,,0,33,,9940,5,,,0,73,,9942,5,,,0,33,,9954,5,,,0,73,,9959,5,,,0,33,,9941,5,,,0,73,,9946,5,,,0,73,,9951,5,,,0,33,,9947,5,,,0,73,,9958,5,,,0,33,,9956,5,,,0,73,,9950,5,,,0,25,,9945,5,,,0
301,'f7e5e6f9-100f-43d4-b32c-13a52a04d3e9',611,,9978,5,,,0,32,,9974,5,,,0,73,,9992,5,,,0,33,,9983,5,,,0,73,,9980,5,,,0,33,,9969,5,,,0,73,,9975,5,,,0,73,,9989,5,,,0,33,,9984,5,,,0,73,,9979,5,,,0,33,,9973,5,,,0,73,,9985,5,,,0,34,,9967,5,,,0,75,,9986,5,,,0,35,,9977,5,,,0,75,,9963,5,,,0,75,,9971,5,,,0,35,,9961,5,,,0,75,,9960,5,,,0,35,,9970,5,,,0,75,,9991,5,,,0,74,,9987,5,,,0,34,,9966,5,,,0,73,,9962,5,,,0,33,,9964,5,,,0,73,,9982,5,,,0,33,,9965,5,,,0,73,,9981,5,,,0,33,,9968,5,,,0,73,,9976,5,,,0,20,,9990,5,,,0,70,,9972,5,,,0,25,,9988,5,,,0
401,'0fbe59f6-d4bc-41cf-9d89-7119a6d1eb67',711,,10118,5,,,0,32,,10116,5,,,0,73,,10110,5,,,0,33,,10129,5,,,0,73,,10128,5,,,0,33,,10105,5,,,0,73,,10124,5,,,0,73,,10106,5,,,0,33,,10103,5,,,0,73,,10102,5,,,0,33,,10125,5,,,0,74,,10126,5,,,0,38,,10122,5,,,0,75,,10117,5,,,0,75,,10114,5,,,0,35,,10131,5,,,0,75,,10121,5,,,0,35,,10130,5,,,0,75,,10109,5,,,0,35,,10132,5,,,0,72,,10104,5,,,0,72,,10133,5,,,0,34,,10111,5,,,0,73,,10123,5,,,0,33,,10108,5,,,0,73,,10113,5,,,0,33,,10112,5,,,0,73,,10101,5,,,0,27,,10127,5,,,0,65,,10107,5,,,0,19,,10119,5,,,0
401,'79ca8b2f-a5ba-4317-be99-b99c34cbda89',816,,10153,5,,,0,33,,10145,5,,,0,73,,10136,5,,,0,33,,10140,5,,,0,73,,10155,5,,,0,73,,10144,5,,,0,33,,10150,5,,,0,73,,10138,5,,,0,33,,10143,5,,,0,73,,10146,5,,,0,33,,10154,5,,,0,73,,10135,5,,,0,33,,10137,5,,,0,73,,10141,5,,,0,33,,10134,5,,,0,73,,10148,5,,,0,73,,10152,5,,,0,33,,10142,5,,,0,73,,10147,5,,,0,33,,10151,5,,,0
401,'d0b31cb1-5133-4edf-a738-44ef9b24ca11',816,,10168,5,,,0,33,,10159,5,,,0,73,,10172,5,,,0,33,,10176,5,,,0,73,,10166,5,,,0,73,,10177,5,,,0,33,,10162,5,,,0,73,,10165,5,,,0,33,,10174,5,,,0,73,,10158,5,,,0,33,,10171,5,,,0,73,,10164,5,,,0,33,,10167,5,,,0,73,,10170,5,,,0,33,,10175,5,,,0,73,,10173,5,,,0,73,,10160,5,,,0,33,,10156,5,,,0,73,,10157,5,,,0,33,,10163,5,,,0
401,'f7e5e6f9-100f-43d4-b32c-13a52a04d3e9',606,,10183,5,,,0,31,,10190,5,,,0,74,,10197,5,,,0,32,,10195,5,,,0,73,,10208,5,,,0,33,,10189,5,,,0,73,,10206,5,,,0,33,,10191,5,,,0,73,,10185,5,,,0,73,,10210,5,,,0,33,,10204,5,,,0,73,,10182,5,,,0,33,,10193,5,,,0,74,,10196,5,,,0,38,,10179,5,,,0,75,,10180,5,,,0,75,,10201,5,,,0,35,,10202,5,,,0,75,,10205,5,,,0,35,,10199,5,,,0,75,,10188,5,,,0,35,,10192,5,,,0,72,,10181,5,,,0,72,,10198,5,,,0,34,,10203,5,,,0,73,,10209,5,,,0,33,,10207,5,,,0,73,,10200,5,,,0,33,,10194,5,,,0,73,,10184,5,,,0,27,,10178,5,,,0,65,,10186,5,,,0,19,,10187,5,,,0
