401,'0fbe59f6-d4bc-41cf-9d89-7119a6d1eb67',705,,10115,78,,,0,34,,10118,78,,,0,72,,10116,78,,,0,33,,10110,78,,,0,73,,10129,78,,,0,33,,10128,78,,,0,73,,10105,78,,,0,33,,10124,78,,,0,73,,10106,78,,,0,73,,10103,78,,,0,33,,10102,78,,,0,73,,10125,78,,,0,35,,10126,78,,,0,78,,10122,78,,,0,35,,10117,78,,,0,75,,10120,78,,,0,75,,10131,78,,,0,35,,10121,78,,,0,75,,10130,78,,,0,34,,10109,78,,,0,75,,10132,78,,,0,32,,10104,78,,,0,72,,10133,78,,,0,74,,10111,78,,,0,33,,10123,78,,,0,73,,10108,78,,,0,33,,10113,78,,,0,73,,10112,78,,,0,29,,10101,78,,,0,67,,10127,78,,,0,25,,10107,78,,,0,19,,10119,78,,,0
401,'79ca8b2f-a5ba-4317-be99-b99c34cbda89',811,,10149,78,,,0,33,,10153,78,,,0,73,,10145,78,,,0,33,,10136,78,,,0,73,,10140,78,,,0,33,,10155,78,,,0,73,,10144,78,,,0,73,,10150,78,,,0,33,,10138,78,,,0,73,,10143,78,,,0,33,,10139,78,,,0,73,,10154,78,,,0,33,,10135,78,,,0,73,,10137,78,,,0,33,,10141,78,,,0,73,,10134,78,,,0,33,,10148,78,,,0,73,,10152,78,,,0,73,,10142,78,,,0,33,,10147,78,,,0
401,'d0b31cb1-5133-4edf-a738-44ef9b24ca11',811,,10161,78,,,0,33,,10168,78,,,0,73,,10159,78,,,0,33,,10172,78,,,0,73,,10176,78,,,0,33,,10166,78,,,0,73,,10177,78,,,0,73,,10162,78,,,0,33,,10165,78,,,0,73,,10174,78,,,0,33,,10169,78,,,0,73,,10171,78,,,0,33,,10164,78,,,0,73,,10167,78,,,0,33,,10170,78,,,0,73,,10175,78,,,0,33,,10173,78,,,0,73,,10160,78,,,0,73,,10156,78,,,0,33,,10157,78,,,0
401,'f7e5e6f9-100f-43d4-b32c-13a52a04d3e9',634,,10183,78,,,0,71,,10190,78,,,0,34,,10197,78,,,0,72,,10195,78,,,0,33,,10208,78,,,0,73,,10189,78,,,0,33,,10206,78,,,0,73,,10191,78,,,0,33,,10185,78,,,0,73,,10210,78,,,0,73,,10204,78,,,0,33,,10182,78,,,0,73,,10193,78,,,0,35,,10196,78,,,0,78,,10179,78,,,0,35,,10180,78,,,0,75,,10201,78,,,0,75,,10202,78,,,0,35,,10205,78,,,0,75,,10199,78,,,0,34,,10188,78,,,0,75,,10192,78,,,0,32,,10181,78,,,0,72,,10198,78,,,0,74,,10203,78,,,0,33,,10209,78,,,0,73,,10207,78,,,0,33,,10200,78,,,0,73,,10194,78,,,0,29,,10184,78,,,0,67,,10178,78,,,0,25,,10186,78,,,0,19,,10187,78,,,0
1006001,'f7e5e6f9-100f-43d4-b32c-13a52a04d3e9',646,,10522,2,,,0,100,,10519,2,,,0,105,,10513,2,,,0,100,,10520,2,,,0,100,,10514,2,,,0,100,,10523,2,,,0,100,,10517,2,,,0,100,,10515,2,,,0,105,,10516,2,,,0,100,,10524,2,,,0,100,,10518,2,,,0,100,,10525,2,,,0
2006001,'f7e5e6f9-100f-43d4-b32c-13a52a04d3e9',716,,10583,3,,,0,100,,10574,3,,,0,105,,10582,3,,,0,100,,10575,3,,,0,100,,10581,3,,,0,100,,10576,3,,,0,100,,10580,3,,,0,100,,10577,3,,,0,105,,10584,3,,,0,100,,10586,3,,,0,100,,10579,3,,,0,100,,10578,3,,,0
3006001,'0fbe59f6-d4bc-41cf-9d89-7119a6d1eb67',720,,10682,5,,,0,85,,10694,5,,,0,45,,10683,5,,,0,85,,10695,5,,,0,85,,10692,5,,,0,85,,10699,5,,,0,45,,10680,5,,,0,85,,10696,5,,,0,85,,10691,5,,,0,85,,10693,5,,,0,45,,10697,5,,,0,85,,10681,5,,,0,85,,10698,5,,,0,85,,10689,5,,,0,45,,10701,5,,,0,85,,10690,5,,,0,85,,10688,5,,,0,85,,10700,5,,,0,45,,10686,5,,,0,85,,10685,5,,,0,85,,10684,5,,,0,85,,10687,5,,,0
3006001,'79ca8b2f-a5ba-4317-be99-b99c34cbda89',820,,10707,5,,,0,85,,10714,5,,,0,45,,10709,5,,,0,85,,10705,5,,,0,85,,10713,5,,,0,85,,10711,5,,,0,45,,10708,5,,,0,85,,10702,5,,,0,85,,10704,5,,,0,85,,10706,5,,,0,45,,10710,5,,,0,85,,10715,5,,,0,85,,10712,5,,,0,85,,10703,5,,,0
3006001,'d0b31cb1-5133-4edf-a738-44ef9b24ca11',820,,10726,5,,,0,85,,10720,5,,,0,45,,10716,5,,,0,85,,10721,5,,,0,85,,10722,5,,,0,85,,10724,5,,,0,45,,10718,5,,,0,85,,10725,5,,,0,85,,10727,5,,,0,85,,10719,5,,,0,45,,10729,5,,,0,85,,10717,5,,,0,85,,10723,5,,,0,85,,10728,5,,,0
3006001,'f7e5e6f9-100f-43d4-b32c-13a52a04d3e9',1920,,10730,5,,,0,85,,10734,5,,,0,45,,10732,5,,,0,85,,10735,5,,,0,85,,10733,5,,,0,85,,10731,5,,,0
