100,'208becb0-a2f3-4a1e-94d4-0c0b1bcc9f11',713,,7935,106,,,0,33,,7940,106,,,0,73,,7937,106,,,0,33,,7959,106,,,0,73,,7952,106,,,0,33,,7957,106,,,0,73,,7965,106,,,0,73,,7941,106,,,0,33,,7958,106,,,0,73,,7962,106,,,0,33,,7944,106,,,0,73,,7938,106,,,0,33,,7951,106,,,0,73,,7961,106,,,0,33,,7963,106,,,0,73,,7942,106,,,0,73,,7966,106,,,0,33,,7948,106,,,0,73,,7956,106,,,0,33,,7955,106,,,0,73,,7939,106,,,0,33,,7954,106,,,0,73,,7947,106,,,0,33,,7953,106,,,0,73,,7936,106,,,0,33,,7945,106,,,0,73,,7934,106,,,0,73,,7964,106,,,0,33,,7943,106,,,0,70,,7949,106,,,0,30,,7950,115,,,0,63,,7960,115,,,0
100,'25ce079e-2902-4561-b3b8-aaefe35358b8',819,,7967,106,,,0,33,,7987,106,,,0,73,,7976,106,,,0,33,,7968,106,,,0,73,,7980,106,,,0,73,,7984,106,,,0,33,,7982,106,,,0,73,,7970,106,,,0,33,,7986,106,,,0,73,,7974,106,,,0,33,,7975,106,,,0,73,,7969,106,,,0,33,,7978,106,,,0,73,,7981,106,,,0,73,,7985,106,,,0,33,,7973,106,,,0,73,,7971,106,,,0,33,,7977,106,,,0,73,,7979,106,,,0,33,,7972,115,,,0,65,,7983,115,,,0
100,'599df357-d0cf-4a96-9d21-3021fe181a26',616,,8006,106,,,0,28,,7995,106,,,0,69,,8015,106,,,0,33,,8003,106,,,0,73,,8014,106,,,0,33,,8016,106,,,0,73,,7993,106,,,0,33,,8022,106,,,0,73,,7988,106,,,0,73,,8005,106,,,0,33,,8011,106,,,0,73,,7991,106,,,0,33,,8013,106,,,0,73,,8004,106,,,0,33,,7997,106,,,0,73,,8001,106,,,0,33,,7994,106,,,0,73,,8002,106,,,0,73,,8012,106,,,0,33,,8007,106,,,0,73,,8020,106,,,0,33,,8009,106,,,0,73,,7992,106,,,0,33,,7996,106,,,0,73,,8010,106,,,0,33,,8008,106,,,0,73,,7990,106,,,0,33,,7989,106,,,0,73,,8017,106,,,0,73,,8021,106,,,0,33,,7998,106,,,0,70,,8018,106,,,0,30,,8000,115,,,0,63,,7999,115,,,0
100,'f1b8bc1c-304d-4ce4-ace6-7c20cda06a39',819,,8030,106,,,0,33,,8031,106,,,0,73,,8040,106,,,0,33,,8034,106,,,0,73,,8039,106,,,0,73,,8045,106,,,0,33,,8043,106,,,0,73,,8042,106,,,0,33,,8038,106,,,0,73,,8027,106,,,0,33,,8026,106,,,0,73,,8033,106,,,0,33,,8044,106,,,0,73,,8028,106,,,0,73,,8041,106,,,0,33,,8024,106,,,0,73,,8035,106,,,0,33,,8036,106,,,0,73,,8032,106,,,0,33,,8023,115,,,0,65,,8037,115,,,0
200,'208becb0-a2f3-4a1e-94d4-0c0b1bcc9f11',729,,8188,98,,,0,73,,8169,98,,,0,33,,8164,98,,,0,73,,8184,98,,,0,33,,8165,98,,,0,73,,8170,98,,,0,33,,8171,98,,,0,73,,8175,98,,,0,33,,8185,98,,,0,73,,8183,98,,,0,33,,8177,98,,,0,73,,8160,98,,,0,73,,8173,98,,,0,33,,8174,98,,,0,73,,8158,98,,,0,33,,8189,98,,,0,73,,8182,98,,,0,33,,8161,98,,,0,73,,8180,98,,,0,33,,8178,98,,,0,73,,8166,98,,,0,73,,8172,98,,,0,33,,8163,98,,,0,73,,8159,98,,,0,33,,8162,98,,,0,73,,8167,98,,,0,33,,8168,98,,,0,73,,8176,98,,,0,33,,8190,98,,,0,70,,8179,98,,,0,23,,8181,98,,,0
200,'25ce079e-2902-4561-b3b8-aaefe35358b8',835,,8211,98,,,0,73,,8192,98,,,0,33,,8203,98,,,0,73,,8204,98,,,0,33,,8202,98,,,0,73,,8210,98,,,0,33,,8209,98,,,0,73,,8213,98,,,0,33,,8197,98,,,0,73,,8196,98,,,0,73,,8195,98,,,0,33,,8212,98,,,0,73,,8200,98,,,0,33,,8205,98,,,0,73,,8193,98,,,0,33,,8206,98,,,0,73,,8207,98,,,0,33,,8198,98,,,0,73,,8201,98,,,0,28,,8208,98,,,0
200,'599df357-d0cf-4a96-9d21-3021fe181a26',623,,8215,98,,,0,33,,8247,98,,,0,73,,8244,98,,,0,73,,8232,98,,,0,33,,8224,98,,,0,73,,8236,98,,,0,33,,8226,98,,,0,73,,8248,98,,,0,33,,8241,98,,,0,73,,8222,98,,,0,33,,8227,98,,,0,73,,8240,98,,,0,33,,8231,98,,,0,73,,8235,98,,,0,73,,8243,98,,,0,33,,8229,98,,,0,73,,8246,98,,,0,33,,8230,98,,,0,73,,8216,98,,,0,33,,8220,98,,,0,73,,8239,98,,,0,33,,8242,98,,,0,73,,8228,98,,,0,73,,8223,98,,,0,33,,8218,98,,,0,73,,8214,98,,,0,33,,8237,98,,,0,73,,8219,98,,,0,33,,8225,98,,,0,73,,8233,98,,,0,33,,8238,98,,,0,70,,8217,98,,,0,23,,8234,98,,,0
200,'f1b8bc1c-304d-4ce4-ace6-7c20cda06a39',835,,8257,98,,,0,73,,8258,98,,,0,33,,8265,98,,,0,73,,8255,98,,,0,33,,8269,98,,,0,73,,8270,98,,,0,33,,8268,98,,,0,73,,8250,98,,,0,33,,8252,98,,,0,73,,8260,98,,,0,73,,8262,98,,,0,33,,8253,98,,,0,73,,8263,98,,,0,33,,8261,98,,,0,73,,8259,98,,,0,33,,8251,98,,,0,73,,8254,98,,,0,33,,8264,98,,,0,73,,8267,98,,,0,28,,8266,98,,,0
1006001,'599df357-d0cf-4a96-9d21-3021fe181a26',647,,9118,6,,,0,100,,9112,6,,,0,100,,9113,6,,,0,100,,9116,6,,,0,100,,9119,6,,,0,100,,9114,6,,,0,100,,9120,6,,,0,100,,9111,6,,,0,100,,9121,6,,,0,100,,9122,6,,,0,100,,9115,6,,,0,100,,9123,6,,,0
2006001,'599df357-d0cf-4a96-9d21-3021fe181a26',717,,9173,6,,,0,100,,9176,6,,,0,100,,9177,6,,,0,100,,9180,6,,,0,100,,9175,6,,,0,100,,9182,6,,,0,100,,9181,6,,,0,100,,9184,6,,,0,100,,9174,6,,,0,100,,9179,6,,,0,100,,9172,6,,,0,100,,9183,6,,,0
3006001,'208becb0-a2f3-4a1e-94d4-0c0b1bcc9f11',721,,9283,8,,,0,85,,9292,8,,,0,45,,9296,8,,,0,85,,9289,8,,,0,85,,9288,8,,,0,85,,9290,8,,,0,45,,9299,8,,,0,85,,9291,8,,,0,85,,9286,8,,,0,85,,9294,8,,,0,45,,9293,8,,,0,85,,9278,8,,,0,85,,9295,8,,,0,85,,9297,8,,,0,45,,9284,8,,,0,85,,9285,8,,,0,85,,9280,8,,,0,85,,9281,8,,,0,45,,9298,8,,,0,85,,9279,8,,,0,85,,9287,8,,,0,85,,9282,8,,,0
3006001,'25ce079e-2902-4561-b3b8-aaefe35358b8',821,,9305,8,,,0,85,,9300,8,,,0,45,,9308,8,,,0,85,,9309,8,,,0,85,,9301,8,,,0,85,,9312,8,,,0,45,,9313,8,,,0,85,,9307,8,,,0,85,,9302,8,,,0,85,,9306,8,,,0,45,,9304,8,,,0,85,,9303,8,,,0,85,,9310,8,,,0,85,,9311,8,,,0
3006001,'599df357-d0cf-4a96-9d21-3021fe181a26',1921,,9314,8,,,0,85,,9318,8,,,0,45,,9319,8,,,0,85,,9315,8,,,0,85,,9317,8,,,0,85,,9316,8,,,0
3006001,'f1b8bc1c-304d-4ce4-ace6-7c20cda06a39',821,,9322,8,,,0,85,,9324,8,,,0,45,,9331,8,,,0,85,,9329,8,,,0,85,,9328,8,,,0,85,,9333,8,,,0,45,,9321,8,,,0,85,,9325,8,,,0,85,,9330,8,,,0,85,,9323,8,,,0,45,,9326,8,,,0,85,,9327,8,,,0,85,,9332,8,,,0,85,,9320,8,,,0
