400,'0fbe59f6-d4bc-41cf-9d89-7119a6d1eb67',653,,9996,0,,,0,72,,10005,0,,,0,75,,10012,0,,,0,31,,9994,0,,,0,73,,10016,0,,,0,33,,10001,0,,,0,73,,9995,0,,,0,33,,10017,0,,,0,73,,10004,0,,,0,33,,10024,0,,,0,73,,9993,0,,,0,33,,10013,0,,,0,73,,9999,0,,,0,76,,10010,0,,,0,38,,10007,0,,,0,76,,10019,0,,,0,36,,10008,0,,,0,75,,10002,0,,,0,75,,10011,0,,,0,32,,10009,0,,,0,74,,10006,0,,,0,35,,10014,0,,,0,72,,10022,0,,,0,32,,10003,0,,,0,74,,10021,0,,,0,33,,10018,0,,,0,73,,9998,0,,,0,71,,10000,0,,,0,30,,10020,0,,,0,25,,10015,0,,,0,67,,9997,0,,,0
400,'79ca8b2f-a5ba-4317-be99-b99c34cbda89',800,,10029,0,,,0,31,,10035,0,,,0,73,,10027,0,,,0,33,,10039,0,,,0,73,,10026,0,,,0,33,,10038,0,,,0,73,,10041,0,,,0,33,,10032,0,,,0,73,,10040,0,,,0,33,,10030,0,,,0,73,,10031,0,,,0,73,,10034,0,,,0,33,,10033,0,,,0,73,,10037,0,,,0,33,,10036,0,,,0,73,,10025,0,,,0,33,,10044,0,,,0,73,,10042,0,,,0,33,,10043,0,,,0,73,,10028,0,,,0
400,'d0b31cb1-5133-4edf-a738-44ef9b24ca11',800,,10056,0,,,0,31,,10057,0,,,0,73,,10047,0,,,0,33,,10052,0,,,0,73,,10051,0,,,0,33,,10053,0,,,0,73,,10049,0,,,0,33,,10045,0,,,0,73,,10055,0,,,0,33,,10065,0,,,0,73,,10063,0,,,0,73,,10054,0,,,0,33,,10050,0,,,0,73,,10061,0,,,0,33,,10048,0,,,0,73,,10064,0,,,0,33,,10046,0,,,0,73,,10058,0,,,0,33,,10062,0,,,0,73,,10060,0,,,0
400,'f7e5e6f9-100f-43d4-b32c-13a52a04d3e9',620,,10084,0,,,0,33,,10070,0,,,0,72,,10094,0,,,0,34,,10093,0,,,0,72,,10077,0,,,0,73,,10092,0,,,0,33,,10074,0,,,0,73,,10066,0,,,0,33,,10099,0,,,0,73,,10082,0,,,0,33,,10068,0,,,0,73,,10090,0,,,0,33,,10095,0,,,0,73,,10075,0,,,0,76,,10088,0,,,0,38,,10085,0,,,0,76,,10080,0,,,0,36,,10098,0,,,0,75,,10081,0,,,0,75,,10086,0,,,0,32,,10079,0,,,0,74,,10071,0,,,0,35,,10067,0,,,0,72,,10069,0,,,0,32,,10073,0,,,0,74,,10097,0,,,0,33,,10089,0,,,0,73,,10096,0,,,0,71,,10083,0,,,0,30,,10091,0,,,0,25,,10078,0,,,0,67,,10072,0,,,0
401,'0fbe59f6-d4bc-41cf-9d89-7119a6d1eb67',718,,10115,140,4,,0,34,,10118,140,4,,0,72,,10116,140,4,,0,33,,10110,140,4,,0,73,,10129,140,4,,0,73,,10128,140,4,,0,33,,10105,140,4,,0,73,,10124,140,4,,0,33,,10106,140,4,,0,73,,10103,140,4,,0,33,,10102,140,4,,0,73,,10125,140,4,,0,35,,10126,140,4,,0,78,,10122,140,4,,0,75,,10117,140,4,,0,35,,10120,140,4,,0,75,,10131,140,4,,0,35,,10121,140,4,,0,75,,10130,140,4,,0,74,,10109,140,4,,0,35,,10132,140,4,,0,72,,10104,140,4,,0,32,,10133,140,4,,0,74,,10111,140,4,,0,33,,10123,140,4,,0,73,,10108,140,4,,0,33,,10113,140,4,,0,73,,10112,140,4,,0,27,,10101,140,4,,0,67,,10127,140,4,,0,25,,10107,140,4,,0,59,,10119,140,4,,0
401,'79ca8b2f-a5ba-4317-be99-b99c34cbda89',824,,10149,140,4,,0,33,,10153,140,4,,0,73,,10145,140,4,,0,73,,10136,140,4,,0,33,,10140,140,4,,0,73,,10155,140,4,,0,33,,10144,140,4,,0,73,,10150,140,4,,0,33,,10138,140,4,,0,73,,10143,140,4,,0,33,,10139,140,4,,0,73,,10154,140,4,,0,73,,10135,140,4,,0,33,,10137,140,4,,0,73,,10141,140,4,,0,33,,10134,140,4,,0,73,,10148,140,4,,0,33,,10152,140,4,,0,73,,10142,140,4,,0,33,,10147,140,4,,0
401,'d0b31cb1-5133-4edf-a738-44ef9b24ca11',824,,10161,140,4,,0,33,,10168,140,4,,0,73,,10159,140,4,,0,73,,10172,140,4,,0,33,,10176,140,4,,0,73,,10166,140,4,,0,33,,10177,140,4,,0,73,,10162,140,4,,0,33,,10165,140,4,,0,73,,10174,140,4,,0,33,,10169,140,4,,0,73,,10171,140,4,,0,73,,10164,140,4,,0,33,,10167,140,4,,0,73,,10170,140,4,,0,33,,10175,140,4,,0,73,,10173,140,4,,0,33,,10160,140,4,,0,73,,10156,140,4,,0,33,,10157,140,4,,0
401,'f7e5e6f9-100f-43d4-b32c-13a52a04d3e9',647,,10183,140,4,,0,71,,10190,140,4,,0,34,,10197,140,4,,0,72,,10195,140,4,,0,33,,10208,140,4,,0,73,,10189,140,4,,0,73,,10206,140,4,,0,33,,10191,140,4,,0,73,,10185,140,4,,0,33,,10210,140,4,,0,73,,10204,140,4,,0,33,,10182,140,4,,0,73,,10193,140,4,,0,35,,10196,140,4,,0,78,,10179,140,4,,0,75,,10180,140,4,,0,35,,10201,140,4,,0,75,,10202,140,4,,0,35,,10205,140,4,,0,75,,10199,140,4,,0,74,,10188,140,4,,0,35,,10192,140,4,,0,72,,10181,140,4,,0,32,,10198,140,4,,0,74,,10203,140,4,,0,33,,10209,140,4,,0,73,,10207,140,4,,0,33,,10200,140,4,,0,73,,10194,140,4,,0,27,,10184,140,4,,0,67,,10178,140,4,,0,25,,10186,140,4,,0,59,,10187,140,4,,0
5300,'0fbe59f6-d4bc-41cf-9d89-7119a6d1eb67',712,,10365,94,4,,0,30,,10363,94,4,,0,70,,10380,94,4,,0,30,,10367,94,4,,0,70,,10369,94,4,,0,30,,10374,94,4,,0,70,,10358,94,4,,0,30,,10372,94,4,,0,70,,10370,94,4,,0,30,,10379,94,4,,0,70,,10361,94,4,,0,30,,10373,94,4,,0,70,,10377,94,4,,0,30,,10362,94,4,,0,70,,10359,94,4,,0,35,,10368,94,4,,0,75,,10366,94,4,,0,35,,10364,94,4,,0,75,,10378,94,4,,0,75,,10376,94,4,,0,35,,10375,94,4,,0,75,,10371,94,4,,0,30,,10360,95,4,,0
5300,'f7e5e6f9-100f-43d4-b32c-13a52a04d3e9',612,,10381,94,4,,0,30,,10398,94,4,,0,70,,10402,94,4,,0,30,,10385,94,4,,0,70,,10388,94,4,,0,30,,10396,94,4,,0,70,,10400,94,4,,0,30,,10386,94,4,,0,70,,10399,94,4,,0,30,,10393,94,4,,0,70,,10392,94,4,,0,30,,10390,94,4,,0,70,,10395,94,4,,0,30,,10382,94,4,,0,70,,10405,94,4,,0,30,,10384,94,4,,0,70,,10391,94,4,,0,35,,10389,94,4,,0,75,,10404,94,4,,0,35,,10387,94,4,,0,75,,10403,94,4,,0,75,,10401,94,4,,0,35,,10383,94,4,,0,75,,10394,94,4,,0,30,,10397,95,4,,0
5301,'0fbe59f6-d4bc-41cf-9d89-7119a6d1eb67',712,,10420,0,,,0,30,,10419,0,,,0,70,,10413,0,,,0,30,,10425,0,,,0,70,,10410,0,,,0,30,,10411,0,,,0,70,,10427,0,,,0,30,,10412,0,,,0,70,,10408,0,,,0,30,,10416,0,,,0,70,,10414,0,,,0,30,,10409,0,,,0,70,,10424,0,,,0,30,,10417,0,,,0,75,,10407,0,,,0,35,,10421,0,,,0,75,,10418,0,,,0,75,,10426,0,,,0,35,,10406,0,,,0,75,,10415,0,,,0,35,,10422,0,,,0,75,,10423,0,,,0
5301,'f7e5e6f9-100f-43d4-b32c-13a52a04d3e9',613,,10437,0,,,0,29,,10431,0,,,0,70,,10434,0,,,0,30,,10440,0,,,0,70,,10439,0,,,0,30,,10445,0,,,0,70,,10432,0,,,0,30,,10444,0,,,0,70,,10442,0,,,0,30,,10428,0,,,0,70,,10435,0,,,0,30,,10449,0,,,0,70,,10430,0,,,0,30,,10438,0,,,0,70,,10443,0,,,0,30,,10448,0,,,0,75,,10451,0,,,0,35,,10447,0,,,0,75,,10450,0,,,0,75,,10441,0,,,0,35,,10429,0,,,0,75,,10446,0,,,0,35,,10433,0,,,0,75,,10436,0,,,0
