100,'0fbe59f6-d4bc-41cf-9d89-7119a6d1eb67',702,,9340,56,,,0,36,,9363,56,,,0,73,,9337,56,,,0,33,,9346,56,,,0,73,,9350,56,,,0,33,,9356,56,,,0,73,,9344,56,,,0,33,,9366,56,,,0,73,,9339,56,,,0,73,,9358,56,,,0,33,,9360,56,,,0,73,,9343,56,,,0,36,,9352,56,,,0,75,,9342,56,,,0,35,,9365,56,,,0,75,,9355,56,,,0,75,,9335,56,,,0,35,,9351,56,,,0,77,,9359,56,,,0,33,,9364,56,,,0,72,,9336,56,,,0,33,,9341,56,,,0,73,,9349,56,,,0,73,,9334,56,,,0,33,,9357,56,,,0,73,,9345,56,,,0,33,,9362,56,,,0,73,,9338,56,,,0,30,,9361,56,,,0,59,,9347,56,,,0,30,,9353,65,,,0,23,,9348,65,,,0
100,'79ca8b2f-a5ba-4317-be99-b99c34cbda89',811,,9378,56,,,0,33,,9385,56,,,0,73,,9368,56,,,0,33,,9370,56,,,0,73,,9369,56,,,0,33,,9382,56,,,0,73,,9379,56,,,0,73,,9384,56,,,0,33,,9380,56,,,0,73,,9367,56,,,0,33,,9387,56,,,0,73,,9386,56,,,0,33,,9381,56,,,0,73,,9377,56,,,0,33,,9371,56,,,0,73,,9372,56,,,0,33,,9374,56,,,0,73,,9383,56,,,0,73,,9375,56,,,0,33,,9376,65,,,0,65,,9373,65,,,0
100,'d0b31cb1-5133-4edf-a738-44ef9b24ca11',811,,9393,56,,,0,33,,9398,56,,,0,73,,9403,56,,,0,33,,9405,56,,,0,73,,9401,56,,,0,33,,9408,56,,,0,73,,9407,56,,,0,73,,9409,56,,,0,33,,9390,56,,,0,73,,9400,56,,,0,33,,9389,56,,,0,73,,9392,56,,,0,33,,9388,56,,,0,73,,9402,56,,,0,33,,9406,56,,,0,73,,9399,56,,,0,33,,9410,56,,,0,73,,9396,56,,,0,73,,9391,56,,,0,33,,9397,65,,,0,65,,9404,65,,,0
100,'f7e5e6f9-100f-43d4-b32c-13a52a04d3e9',608,,9441,56,,,0,28,,9442,56,,,0,69,,9436,56,,,0,33,,9445,56,,,0,73,,9416,56,,,0,33,,9412,56,,,0,73,,9429,56,,,0,33,,9414,56,,,0,73,,9433,56,,,0,33,,9426,56,,,0,73,,9431,56,,,0,73,,9435,56,,,0,33,,9413,56,,,0,73,,9417,56,,,0,36,,9420,56,,,0,75,,9440,56,,,0,35,,9415,56,,,0,75,,9430,56,,,0,75,,9432,56,,,0,35,,9421,56,,,0,75,,9427,56,,,0,35,,9424,56,,,0,72,,9418,56,,,0,33,,9422,56,,,0,73,,9428,56,,,0,73,,9411,56,,,0,33,,9438,56,,,0,73,,9434,56,,,0,33,,9444,56,,,0,73,,9443,56,,,0,30,,9425,56,,,0,59,,9437,56,,,0,30,,9439,65,,,0,23,,9419,65,,,0
101,'0fbe59f6-d4bc-41cf-9d89-7119a6d1eb67',714,,9461,144,,,0,33,,9457,144,,,0,73,,9458,144,,,0,33,,9463,144,,,0,73,,9455,144,,,0,33,,9453,144,,,0,73,,9474,144,,,0,73,,9471,144,,,0,33,,9449,144,,,0,73,,9470,144,,,0,33,,9472,144,,,0,73,,9454,144,,,0,37,,9448,144,,,0,75,,9446,144,,,0,75,,9473,144,,,0,35,,9475,144,,,0,75,,9477,144,,,0,35,,9456,144,,,0,75,,9465,144,,,0,35,,9469,144,,,0,71,,9450,144,,,0,73,,9479,144,,,0,33,,9459,144,,,0,73,,9462,144,,,0,33,,9464,144,,,0,73,,9478,144,,,0,33,,9476,144,,,0,70,,9467,144,,,0,24,,9468,144,,,0,70,,9447,144,,,0,30,,9452,144,,,0,10,,9466,148,,,0
101,'79ca8b2f-a5ba-4317-be99-b99c34cbda89',820,,9482,144,,,0,33,,9491,144,,,0,73,,9481,144,,,0,33,,9498,144,,,0,73,,9488,144,,,0,73,,9501,144,,,0,33,,9489,144,,,0,73,,9495,144,,,0,33,,9499,144,,,0,73,,9487,144,,,0,33,,9492,144,,,0,73,,9484,144,,,0,33,,9500,144,,,0,73,,9493,144,,,0,73,,9497,144,,,0,33,,9483,144,,,0,73,,9494,144,,,0,33,,9490,144,,,0,73,,9485,144,,,0,33,,9496,144,,,0
101,'d0b31cb1-5133-4edf-a738-44ef9b24ca11',820,,9504,144,,,0,33,,9511,144,,,0,73,,9521,144,,,0,33,,9520,144,,,0,73,,9523,144,,,0,73,,9506,144,,,0,33,,9518,144,,,0,73,,9510,144,,,0,33,,9522,144,,,0,73,,9507,144,,,0,33,,9512,144,,,0,73,,9517,144,,,0,33,,9503,144,,,0,73,,9508,144,,,0,73,,9505,144,,,0,33,,9502,144,,,0,73,,9513,144,,,0,33,,9519,144,,,0,73,,9514,144,,,0,33,,9509,144,,,0
101,'f7e5e6f9-100f-43d4-b32c-13a52a04d3e9',612,,9537,144,,,0,26,,9553,144,,,0,76,,9528,144,,,0,33,,9552,144,,,0,73,,9554,144,,,0,33,,9525,144,,,0,73,,9543,144,,,0,33,,9535,144,,,0,73,,9547,144,,,0,73,,9556,144,,,0,33,,9527,144,,,0,73,,9536,144,,,0,33,,9541,144,,,0,73,,9524,144,,,0,37,,9550,144,,,0,75,,9538,144,,,0,75,,9532,144,,,0,35,,9526,144,,,0,75,,9544,144,,,0,35,,9531,144,,,0,75,,9539,144,,,0,35,,9548,144,,,0,71,,9551,144,,,0,73,,9557,144,,,0,33,,9546,144,,,0,73,,9549,144,,,0,33,,9533,144,,,0,73,,9545,144,,,0,33,,9542,144,,,0,70,,9529,144,,,0,24,,9530,144,,,0,70,,9555,144,,,0,30,,9540,144,,,0,10,,9558,148,,,0
200,'0fbe59f6-d4bc-41cf-9d89-7119a6d1eb67',721,,9562,56,,,0,33,,9559,56,,,0,73,,9571,56,,,0,73,,9580,56,,,0,33,,9569,56,,,0,73,,9591,56,,,0,33,,9592,56,,,0,73,,9573,56,,,0,33,,9565,56,,,0,73,,9564,56,,,0,33,,9572,56,,,0,76,,9590,56,,,0,75,,9575,56,,,0,35,,9567,56,,,0,75,,9561,56,,,0,35,,9574,56,,,0,75,,9576,56,,,0,35,,9563,56,,,0,75,,9581,56,,,0,72,,9582,56,,,0,33,,9584,56,,,0,73,,9566,56,,,0,33,,9577,56,,,0,73,,9589,56,,,0,33,,9586,56,,,0,73,,9570,56,,,0,33,,9578,56,,,0,70,,9588,56,,,0,26,,9583,56,,,0,70,,9587,56,,,0,20,,9579,56,,,0
200,'79ca8b2f-a5ba-4317-be99-b99c34cbda89',827,,9601,56,,,0,73,,9595,56,,,0,33,,9610,56,,,0,73,,9602,56,,,0,33,,9609,56,,,0,73,,9605,56,,,0,33,,9596,56,,,0,73,,9614,56,,,0,33,,9612,56,,,0,73,,9608,56,,,0,33,,9598,56,,,0,73,,9597,56,,,0,73,,9611,56,,,0,33,,9593,56,,,0,73,,9613,56,,,0,33,,9594,56,,,0,73,,9604,56,,,0,33,,9603,56,,,0,73,,9607,56,,,0,28,,9600,56,,,0
200,'d0b31cb1-5133-4edf-a738-44ef9b24ca11',827,,9628,56,,,0,73,,9632,56,,,0,33,,9620,56,,,0,73,,9619,56,,,0,33,,9617,56,,,0,73,,9621,56,,,0,33,,9634,56,,,0,73,,9626,56,,,0,33,,9627,56,,,0,73,,9622,56,,,0,33,,9630,56,,,0,73,,9624,56,,,0,73,,9635,56,,,0,33,,9636,56,,,0,73,,9618,56,,,0,33,,9631,56,,,0,73,,9623,56,,,0,33,,9616,56,,,0,73,,9615,56,,,0,28,,9629,56,,,0
200,'f7e5e6f9-100f-43d4-b32c-13a52a04d3e9',613,,9649,56,,,0,35,,9654,56,,,0,73,,9650,56,,,0,33,,9667,56,,,0,73,,9668,56,,,0,73,,9663,56,,,0,33,,9653,56,,,0,73,,9656,56,,,0,33,,9639,56,,,0,73,,9641,56,,,0,33,,9642,56,,,0,73,,9652,56,,,0,33,,9670,56,,,0,76,,9655,56,,,0,75,,9643,56,,,0,35,,9647,56,,,0,75,,9661,56,,,0,35,,9664,56,,,0,75,,9637,56,,,0,35,,9646,56,,,0,75,,9657,56,,,0,72,,9659,56,,,0,33,,9651,56,,,0,73,,9665,56,,,0,33,,9669,56,,,0,73,,9638,56,,,0,33,,9662,56,,,0,73,,9645,56,,,0,33,,9658,56,,,0,72,,9644,56,,,0,24,,9671,56,,,0,70,,9660,56,,,0,20,,9640,56,,,0
