100,'208becb0-a2f3-4a1e-94d4-0c0b1bcc9f11',703,,7935,42,,,0,33,,7940,42,,,0,73,,7937,42,,,0,33,,7959,42,,,0,73,,7952,42,,,0,33,,7957,42,,,0,73,,7965,42,,,0,33,,7941,42,,,0,73,,7958,42,,,0,73,,7962,42,,,0,33,,7944,42,,,0,73,,7938,42,,,0,33,,7951,42,,,0,73,,7961,42,,,0,33,,7963,42,,,0,73,,7942,42,,,0,33,,7966,42,,,0,73,,7948,42,,,0,33,,7956,42,,,0,73,,7955,42,,,0,73,,7939,42,,,0,33,,7954,42,,,0,73,,7947,42,,,0,33,,7953,42,,,0,73,,7936,42,,,0,33,,7945,42,,,0,73,,7934,42,,,0,33,,7964,42,,,0,73,,7943,42,,,0,30,,7949,42,,,0,70,,7950,49,,,0,23,,7960,49,,,0
100,'25ce079e-2902-4561-b3b8-aaefe35358b8',809,,7967,42,,,0,33,,7987,42,,,0,73,,7976,42,,,0,33,,7968,42,,,0,73,,7980,42,,,0,33,,7984,42,,,0,73,,7982,42,,,0,73,,7970,42,,,0,33,,7986,42,,,0,73,,7974,42,,,0,33,,7975,42,,,0,73,,7969,42,,,0,33,,7978,42,,,0,73,,7981,42,,,0,33,,7985,42,,,0,73,,7973,42,,,0,33,,7971,42,,,0,73,,7977,42,,,0,73,,7979,42,,,0,33,,7972,49,,,0,65,,7983,49,,,0
100,'599df357-d0cf-4a96-9d21-3021fe181a26',606,,8006,42,,,0,28,,7995,42,,,0,69,,8015,42,,,0,33,,8003,42,,,0,73,,8014,42,,,0,33,,8016,42,,,0,73,,7993,42,,,0,33,,8022,42,,,0,73,,7988,42,,,0,33,,8005,42,,,0,73,,8011,42,,,0,73,,7991,42,,,0,33,,8013,42,,,0,73,,8004,42,,,0,33,,7997,42,,,0,73,,8001,42,,,0,33,,7994,42,,,0,73,,8002,42,,,0,33,,8012,42,,,0,73,,8007,42,,,0,33,,8020,42,,,0,73,,8009,42,,,0,73,,7992,42,,,0,33,,7996,42,,,0,73,,8010,42,,,0,33,,8008,42,,,0,73,,7990,42,,,0,33,,7989,42,,,0,73,,8017,42,,,0,33,,8021,42,,,0,73,,7998,42,,,0,30,,8018,42,,,0,70,,8000,49,,,0,23,,7999,49,,,0
100,'f1b8bc1c-304d-4ce4-ace6-7c20cda06a39',809,,8030,42,,,0,33,,8031,42,,,0,73,,8040,42,,,0,33,,8034,42,,,0,73,,8039,42,,,0,33,,8045,42,,,0,73,,8043,42,,,0,73,,8042,42,,,0,33,,8038,42,,,0,73,,8027,42,,,0,33,,8026,42,,,0,73,,8033,42,,,0,33,,8044,42,,,0,73,,8028,42,,,0,33,,8041,42,,,0,73,,8024,42,,,0,33,,8035,42,,,0,73,,8036,42,,,0,73,,8032,42,,,0,33,,8023,49,,,0,65,,8037,49,,,0
101,'208becb0-a2f3-4a1e-94d4-0c0b1bcc9f11',712,,8076,134,,,0,33,,8060,134,,,0,73,,8047,134,,,0,33,,8077,134,,,0,73,,8056,134,,,0,33,,8079,134,,,0,73,,8058,134,,,0,73,,8078,134,,,0,33,,8072,134,,,0,73,,8061,134,,,0,33,,8070,134,,,0,73,,8052,134,,,0,33,,8050,134,,,0,73,,8069,134,,,0,33,,8065,134,,,0,73,,8055,134,,,0,73,,8071,134,,,0,33,,8057,134,,,0,73,,8051,134,,,0,33,,8074,134,,,0,73,,8048,134,,,0,33,,8053,134,,,0,73,,8059,134,,,0,33,,8073,134,,,0,73,,8067,134,,,0,33,,8068,134,,,0,73,,8064,134,,,0,73,,8062,134,,,0,33,,8054,134,,,0,70,,8066,134,,,0,30,,8046,134,,,0
101,'25ce079e-2902-4561-b3b8-aaefe35358b8',818,,8089,134,,,0,33,,8085,134,,,0,73,,8093,134,,,0,33,,8086,134,,,0,73,,8082,134,,,0,73,,8095,134,,,0,33,,8081,134,,,0,73,,8092,134,,,0,33,,8097,134,,,0,73,,8083,134,,,0,33,,8099,134,,,0,73,,8096,134,,,0,33,,8087,134,,,0,73,,8098,134,,,0,73,,8094,134,,,0,33,,8101,134,,,0,73,,8100,134,,,0,33,,8091,134,,,0,73,,8088,134,,,0,33,,8084,134,,,0
101,'599df357-d0cf-4a96-9d21-3021fe181a26',610,,8128,134,,,0,29,,8103,134,,,0,73,,8111,134,,,0,33,,8119,134,,,0,73,,8102,134,,,0,33,,8115,134,,,0,73,,8130,134,,,0,33,,8135,134,,,0,73,,8121,134,,,0,73,,8112,134,,,0,33,,8122,134,,,0,73,,8106,134,,,0,33,,8126,134,,,0,73,,8107,134,,,0,33,,8127,134,,,0,73,,8105,134,,,0,33,,8129,134,,,0,73,,8124,134,,,0,73,,8110,134,,,0,33,,8133,134,,,0,73,,8113,134,,,0,33,,8117,134,,,0,73,,8104,134,,,0,33,,8109,134,,,0,73,,8131,134,,,0,33,,8114,134,,,0,73,,8123,134,,,0,33,,8134,134,,,0,73,,8108,134,,,0,73,,8132,134,,,0,33,,8116,134,,,0,70,,8118,134,,,0,30,,8120,134,,,0
101,'f1b8bc1c-304d-4ce4-ace6-7c20cda06a39',818,,8153,134,,,0,33,,8146,134,,,0,73,,8154,134,,,0,33,,8145,134,,,0,73,,8142,134,,,0,73,,8150,134,,,0,33,,8136,134,,,0,73,,8151,134,,,0,33,,8141,134,,,0,73,,8156,134,,,0,33,,8152,134,,,0,73,,8155,134,,,0,33,,8139,134,,,0,73,,8138,134,,,0,73,,8137,134,,,0,33,,8140,134,,,0,73,,8149,134,,,0,33,,8147,134,,,0,73,,8143,134,,,0,33,,8157,134,,,0
200,'208becb0-a2f3-4a1e-94d4-0c0b1bcc9f11',719,,8188,46,,,0,33,,8169,46,,,0,73,,8164,46,,,0,33,,8184,46,,,0,73,,8165,46,,,0,73,,8170,46,,,0,33,,8171,46,,,0,73,,8175,46,,,0,33,,8185,46,,,0,73,,8183,46,,,0,33,,8177,46,,,0,73,,8160,46,,,0,33,,8173,46,,,0,73,,8174,46,,,0,73,,8158,46,,,0,33,,8189,46,,,0,73,,8182,46,,,0,33,,8161,46,,,0,73,,8180,46,,,0,33,,8178,46,,,0,73,,8166,46,,,0,33,,8172,46,,,0,73,,8163,46,,,0,33,,8159,46,,,0,73,,8162,46,,,0,73,,8167,46,,,0,33,,8168,46,,,0,73,,8176,46,,,0,33,,8190,46,,,0,70,,8179,46,,,0,23,,8181,46,,,0
200,'25ce079e-2902-4561-b3b8-aaefe35358b8',825,,8211,46,,,0,33,,8192,46,,,0,73,,8203,46,,,0,73,,8204,46,,,0,33,,8202,46,,,0,73,,8210,46,,,0,33,,8209,46,,,0,73,,8213,46,,,0,33,,8197,46,,,0,73,,8196,46,,,0,33,,8195,46,,,0,73,,8212,46,,,0,73,,8200,46,,,0,33,,8205,46,,,0,73,,8193,46,,,0,33,,8206,46,,,0,73,,8207,46,,,0,33,,8198,46,,,0,73,,8201,46,,,0,28,,8208,46,,,0
200,'599df357-d0cf-4a96-9d21-3021fe181a26',613,,8215,46,,,0,33,,8247,46,,,0,73,,8244,46,,,0,33,,8232,46,,,0,73,,8224,46,,,0,33,,8236,46,,,0,73,,8226,46,,,0,73,,8248,46,,,0,33,,8241,46,,,0,73,,8222,46,,,0,33,,8227,46,,,0,73,,8240,46,,,0,33,,8231,46,,,0,73,,8235,46,,,0,33,,8243,46,,,0,73,,8229,46,,,0,73,,8246,46,,,0,33,,8230,46,,,0,73,,8216,46,,,0,33,,8220,46,,,0,73,,8239,46,,,0,33,,8242,46,,,0,73,,8228,46,,,0,33,,8223,46,,,0,73,,8218,46,,,0,33,,8214,46,,,0,73,,8237,46,,,0,73,,8219,46,,,0,33,,8225,46,,,0,73,,8233,46,,,0,33,,8238,46,,,0,70,,8217,46,,,0,23,,8234,46,,,0
200,'f1b8bc1c-304d-4ce4-ace6-7c20cda06a39',825,,8257,46,,,0,33,,8258,46,,,0,73,,8265,46,,,0,73,,8255,46,,,0,33,,8269,46,,,0,73,,8270,46,,,0,33,,8268,46,,,0,73,,8250,46,,,0,33,,8252,46,,,0,73,,8260,46,,,0,33,,8262,46,,,0,73,,8253,46,,,0,73,,8263,46,,,0,33,,8261,46,,,0,73,,8259,46,,,0,33,,8251,46,,,0,73,,8254,46,,,0,33,,8264,46,,,0,73,,8267,46,,,0,28,,8266,46,,,0
201,'208becb0-a2f3-4a1e-94d4-0c0b1bcc9f11',729,,8271,166,,,0,73,,8278,166,,,0,33,,8272,166,,,0,73,,8289,166,,,0,33,,8295,166,,,0,73,,8287,166,,,0,33,,8285,166,,,0,73,,8273,166,,,0,33,,8280,166,,,0,73,,8274,166,,,0,33,,8290,166,,,0,73,,8299,166,,,0,73,,8298,166,,,0,33,,8276,166,,,0,73,,8302,166,,,0,33,,8294,166,,,0,73,,8283,166,,,0,33,,8282,166,,,0,73,,8277,166,,,0,33,,8275,166,,,0,73,,8284,166,,,0,73,,8279,166,,,0,33,,8301,166,,,0,73,,8286,166,,,0,33,,8281,166,,,0,73,,8291,166,,,0,33,,8300,166,,,0,73,,8293,166,,,0,30,,8297,166,,,0,70,,8292,166,,,0,32,,8288,166,,,0
201,'25ce079e-2902-4561-b3b8-aaefe35358b8',835,,8312,166,,,0,73,,8309,166,,,0,33,,8304,166,,,0,73,,8303,166,,,0,33,,8319,166,,,0,73,,8305,166,,,0,33,,8313,166,,,0,73,,8307,166,,,0,33,,8311,166,,,0,73,,8317,166,,,0,73,,8306,166,,,0,33,,8321,166,,,0,73,,8308,166,,,0,33,,8314,166,,,0,73,,8316,166,,,0,33,,8322,166,,,0,73,,8315,166,,,0,33,,8310,166,,,0,73,,8318,166,,,0,73,,8320,166,,,0
201,'599df357-d0cf-4a96-9d21-3021fe181a26',623,,8336,166,,,0,33,,8339,166,,,0,73,,8352,166,,,0,73,,8347,166,,,0,33,,8324,166,,,0,73,,8341,166,,,0,33,,8346,166,,,0,73,,8325,166,,,0,33,,8354,166,,,0,73,,8338,166,,,0,33,,8334,166,,,0,73,,8348,166,,,0,33,,8337,166,,,0,73,,8335,166,,,0,73,,8351,166,,,0,33,,8333,166,,,0,73,,8350,166,,,0,33,,8329,166,,,0,73,,8355,166,,,0,33,,8331,166,,,0,73,,8340,166,,,0,33,,8330,166,,,0,73,,8345,166,,,0,73,,8326,166,,,0,33,,8349,166,,,0,73,,8344,166,,,0,33,,8356,166,,,0,73,,8357,166,,,0,33,,8328,166,,,0,73,,8343,166,,,0,30,,8342,166,,,0,70,,8332,166,,,0,32,,8353,166,,,0
201,'f1b8bc1c-304d-4ce4-ace6-7c20cda06a39',835,,8360,172,,,0,73,,8368,172,,,0,33,,8369,172,,,0,73,,8363,172,,,0,33,,8362,172,,,0,73,,8367,172,,,0,33,,8359,172,,,0,73,,8374,172,,,0,33,,8366,172,,,0,73,,8370,172,,,0,73,,8377,172,,,0,33,,8376,172,,,0,73,,8372,172,,,0,33,,8365,172,,,0,73,,8361,172,,,0,33,,8379,172,,,0,73,,8358,172,,,0,33,,8364,172,,,0,73,,8371,172,,,0,73,,8375,172,,,0
5100,'208becb0-a2f3-4a1e-94d4-0c0b1bcc9f11',700,,8822,9,,,0,40,,8814,9,,,0,80,,8809,9,,,0,80,,8817,9,,,0,40,,8815,9,,,0,80,,8812,9,,,0,80,,8823,9,,,0,40,,8816,9,,,0,80,,8818,9,,,0,80,,8810,9,,,0,40,,8811,9,,,0,80,,8826,9,,,0,80,,8824,9,,,0,40,,8821,9,,,0,80,,8820,9,,,0,80,,8819,9,,,0,40,,8813,9,,,0,80,,8825,9,,,0
5100,'599df357-d0cf-4a96-9d21-3021fe181a26',700,,8842,9,,,0,40,,8830,9,,,0,80,,8841,9,,,0,80,,8835,9,,,0,40,,8834,9,,,0,80,,8839,9,,,0,80,,8837,9,,,0,45,,8843,9,,,0,85,,8836,9,,,0,85,,8831,9,,,0,85,,8827,9,,,0,45,,8840,9,,,0,85,,8832,9,,,0,85,,8833,9,,,0,85,,8828,9,,,0,40,,8829,9,,,0,80,,8838,9,,,0
5200,'208becb0-a2f3-4a1e-94d4-0c0b1bcc9f11',720,,8895,15,,,0,80,,8896,15,,,0,40,,8881,15,,,0,80,,8883,15,,,0,80,,8890,15,,,0,40,,8891,15,,,0,80,,8894,15,,,0,80,,8888,15,,,0,40,,8884,15,,,0,80,,8886,15,,,0,80,,8882,15,,,0,40,,8893,15,,,0,80,,8885,15,,,0,80,,8898,15,,,0,40,,8889,15,,,0,80,,8897,15,,,0,80,,8887,15,,,0,35,,8892,15,,,0
5200,'599df357-d0cf-4a96-9d21-3021fe181a26',640,,8906,15,,,0,80,,8899,15,,,0,80,,8907,15,,,0,40,,8902,15,,,0,80,,8903,15,,,0,80,,8905,15,,,0,40,,8900,15,,,0,80,,8917,15,,,0,80,,8909,15,,,0,40,,8901,15,,,0,80,,8911,15,,,0,80,,8908,15,,,0,40,,8910,15,,,0,80,,8913,15,,,0,80,,8914,15,,,0,40,,8912,15,,,0,80,,8916,15,,,0,80,,8915,15,,,0,35,,8904,15,,,0
5300,'208becb0-a2f3-4a1e-94d4-0c0b1bcc9f11',700,,8958,12,,,0,30,,8972,12,,,0,70,,8965,12,,,0,30,,8959,12,,,0,70,,8961,12,,,0,30,,8963,12,,,0,70,,8967,12,,,0,30,,8956,12,,,0,70,,8975,12,,,0,30,,8976,12,,,0,70,,8977,12,,,0,30,,8978,12,,,0,70,,8970,12,,,0,30,,8973,12,,,0,70,,8960,12,,,0,35,,8974,12,,,0,75,,8969,12,,,0,35,,8957,12,,,0,75,,8964,12,,,0,35,,8968,12,,,0,75,,8971,12,,,0,75,,8966,12,,,0,30,,8962,13,,,0
5300,'599df357-d0cf-4a96-9d21-3021fe181a26',600,,8985,12,,,0,30,,8980,12,,,0,70,,9000,12,,,0,30,,8979,12,,,0,70,,8996,12,,,0,30,,8984,12,,,0,70,,9003,12,,,0,30,,8998,12,,,0,70,,8999,12,,,0,30,,8991,12,,,0,70,,8989,12,,,0,30,,8988,12,,,0,70,,8981,12,,,0,30,,9002,12,,,0,70,,8997,12,,,0,30,,8982,12,,,0,70,,8990,12,,,0,35,,8994,12,,,0,75,,8995,12,,,0,35,,9001,12,,,0,75,,8992,12,,,0,35,,8993,12,,,0,75,,8987,12,,,0,75,,8986,12,,,0,30,,8983,13,,,0
