400,'0fbe59f6-d4bc-41cf-9d89-7119a6d1eb67',706,,9996,62,,,0,32,,10005,62,,,0,75,,10012,62,,,0,31,,9994,62,,,0,73,,10016,62,,,0,33,,10001,62,,,0,73,,9995,62,,,0,33,,10017,62,,,0,73,,10004,62,,,0,73,,10024,62,,,0,33,,9993,62,,,0,73,,10013,62,,,0,33,,9999,62,,,0,76,,10010,62,,,0,38,,10007,62,,,0,76,,10019,62,,,0,76,,10008,62,,,0,35,,10002,62,,,0,75,,10011,62,,,0,32,,10009,62,,,0,74,,10006,62,,,0,35,,10014,62,,,0,72,,10022,62,,,0,72,,10003,62,,,0,34,,10021,62,,,0,73,,10018,62,,,0,33,,9998,62,,,0,68,,10000,62,,,0,30,,10020,62,,,0,65,,10015,62,,,0,27,,9997,62,,,0
400,'79ca8b2f-a5ba-4317-be99-b99c34cbda89',813,,10029,62,,,0,31,,10035,62,,,0,73,,10027,62,,,0,33,,10039,62,,,0,73,,10026,62,,,0,33,,10038,62,,,0,73,,10041,62,,,0,73,,10032,62,,,0,33,,10040,62,,,0,73,,10030,62,,,0,33,,10031,62,,,0,73,,10034,62,,,0,33,,10033,62,,,0,73,,10037,62,,,0,33,,10036,62,,,0,73,,10025,62,,,0,33,,10044,62,,,0,73,,10042,62,,,0,73,,10043,62,,,0,33,,10028,62,,,0
400,'d0b31cb1-5133-4edf-a738-44ef9b24ca11',813,,10056,62,,,0,31,,10057,62,,,0,73,,10047,62,,,0,33,,10052,62,,,0,73,,10051,62,,,0,33,,10053,62,,,0,73,,10049,62,,,0,73,,10045,62,,,0,33,,10055,62,,,0,73,,10065,62,,,0,33,,10063,62,,,0,73,,10054,62,,,0,33,,10050,62,,,0,73,,10061,62,,,0,33,,10048,62,,,0,73,,10064,62,,,0,33,,10046,62,,,0,73,,10058,62,,,0,73,,10062,62,,,0,33,,10060,62,,,0
400,'f7e5e6f9-100f-43d4-b32c-13a52a04d3e9',633,,10084,62,,,0,73,,10070,62,,,0,32,,10094,62,,,0,74,,10093,62,,,0,32,,10077,62,,,0,73,,10092,62,,,0,33,,10074,62,,,0,73,,10066,62,,,0,33,,10099,62,,,0,73,,10082,62,,,0,73,,10068,62,,,0,33,,10090,62,,,0,73,,10095,62,,,0,33,,10075,62,,,0,76,,10088,62,,,0,38,,10085,62,,,0,76,,10080,62,,,0,76,,10098,62,,,0,35,,10081,62,,,0,75,,10086,62,,,0,32,,10079,62,,,0,74,,10071,62,,,0,35,,10067,62,,,0,72,,10069,62,,,0,72,,10073,62,,,0,34,,10097,62,,,0,73,,10089,62,,,0,33,,10096,62,,,0,68,,10083,62,,,0,30,,10091,62,,,0,65,,10078,62,,,0,27,,10072,62,,,0
1006000,'f7e5e6f9-100f-43d4-b32c-13a52a04d3e9',709,,10503,177,,,0,96,,10505,177,,,0,100,,10501,177,,,0,105,,10508,177,,,0,100,,10509,177,,,0,100,,10502,177,,,0,100,,10500,177,,,0,100,,10506,177,,,0,100,,10510,177,,,0,105,,10507,177,,,0,100,,10504,177,,,0,100,,10512,177,,,0,100,,10511,175,,,0
2006000,'f7e5e6f9-100f-43d4-b32c-13a52a04d3e9',641,,10573,91,,,0,94,,10567,91,,,0,100,,10563,91,,,0,105,,10568,91,,,0,100,,10569,91,,,0,100,,10571,91,,,0,100,,10565,91,,,0,100,,10564,91,,,0,100,,10572,91,,,0,105,,10566,91,,,0,100,,10562,91,,,0,100,,10561,91,,,0,100,,10570,90,,,0
3006000,'0fbe59f6-d4bc-41cf-9d89-7119a6d1eb67',716,,10621,73,,,0,41,,10637,73,,,0,85,,10643,73,,,0,85,,10623,73,,,0,85,,10641,73,,,0,45,,10633,73,,,0,85,,10627,73,,,0,85,,10631,73,,,0,85,,10635,73,,,0,45,,10625,73,,,0,85,,10629,73,,,0,85,,10626,73,,,0,85,,10624,73,,,0,45,,10640,73,,,0,85,,10632,73,,,0,85,,10636,73,,,0,85,,10630,73,,,0,45,,10642,73,,,0,85,,10638,73,,,0,85,,10622,73,,,0,85,,10634,73,,,0,45,,10639,73,,,0,85,,10628,76,,,0
3006000,'79ca8b2f-a5ba-4317-be99-b99c34cbda89',816,,10644,73,,,0,41,,10647,73,,,0,85,,10657,73,,,0,85,,10656,73,,,0,85,,10649,73,,,0,45,,10645,73,,,0,85,,10651,73,,,0,85,,10650,73,,,0,85,,10653,73,,,0,45,,10648,73,,,0,85,,10654,73,,,0,85,,10652,73,,,0,85,,10646,73,,,0,45,,10658,73,,,0,85,,10655,76,,,0
3006000,'d0b31cb1-5133-4edf-a738-44ef9b24ca11',816,,10669,73,,,0,41,,10663,73,,,0,85,,10660,73,,,0,85,,10673,73,,,0,85,,10672,73,,,0,45,,10666,73,,,0,85,,10668,73,,,0,85,,10659,73,,,0,85,,10662,73,,,0,45,,10671,73,,,0,85,,10661,73,,,0,85,,10667,73,,,0,85,,10664,73,,,0,45,,10670,73,,,0,85,,10665,76,,,0
3006000,'f7e5e6f9-100f-43d4-b32c-13a52a04d3e9',1957,,10676,73,,,0,85,,10675,73,,,0,85,,10677,73,,,0,85,,10679,73,,,0,45,,10678,73,,,0,85,,10674,76,,,0
