200,'208becb0-a2f3-4a1e-94d4-0c0b1bcc9f11',716,,8187,179,,,0,33,,8188,179,,,0,73,,8169,179,,,0,33,,8164,179,,,0,73,,8184,179,,,0,73,,8165,179,,,0,33,,8170,179,,,0,73,,8171,179,,,0,33,,8175,179,,,0,73,,8185,179,,,0,33,,8183,179,,,0,73,,8177,179,,,0,33,,8160,179,,,0,73,,8173,179,,,0,33,,8174,179,,,0,73,,8191,179,,,0,73,,8186,179,,,0,33,,8182,179,,,0,73,,8161,179,,,0,33,,8180,179,,,0,73,,8178,179,,,0,33,,8166,179,,,0,73,,8172,179,,,0,33,,8163,179,,,0,73,,8159,179,,,0,73,,8162,179,,,0,33,,8167,179,,,0,73,,8168,179,,,0,33,,8176,179,,,0,73,,8190,179,,,0,30,,8179,179,,,0
200,'25ce079e-2902-4561-b3b8-aaefe35358b8',822,,8194,179,,,0,33,,8211,179,,,0,73,,8192,179,,,0,73,,8203,179,,,0,33,,8204,179,,,0,73,,8202,179,,,0,33,,8210,179,,,0,73,,8209,179,,,0,33,,8213,179,,,0,73,,8197,179,,,0,33,,8199,179,,,0,73,,8195,179,,,0,33,,8212,179,,,0,73,,8200,179,,,0,73,,8205,179,,,0,33,,8193,179,,,0,73,,8206,179,,,0,33,,8207,179,,,0,73,,8198,179,,,0,33,,8201,179,,,0
200,'599df357-d0cf-4a96-9d21-3021fe181a26',617,,8221,179,,,0,26,,8215,179,,,0,73,,8247,179,,,0,33,,8244,179,,,0,73,,8232,179,,,0,33,,8224,179,,,0,73,,8236,179,,,0,73,,8226,179,,,0,33,,8248,179,,,0,73,,8241,179,,,0,33,,8222,179,,,0,73,,8227,179,,,0,33,,8240,179,,,0,73,,8231,179,,,0,33,,8245,179,,,0,73,,8243,179,,,0,33,,8229,179,,,0,73,,8246,179,,,0,73,,8230,179,,,0,33,,8216,179,,,0,73,,8220,179,,,0,33,,8239,179,,,0,73,,8242,179,,,0,33,,8228,179,,,0,73,,8223,179,,,0,33,,8218,179,,,0,73,,8214,179,,,0,73,,8237,179,,,0,33,,8219,179,,,0,73,,8225,179,,,0,33,,8233,179,,,0,73,,8238,179,,,0,30,,8217,179,,,0
200,'f1b8bc1c-304d-4ce4-ace6-7c20cda06a39',823,,8256,190,,,0,33,,8257,190,,,0,73,,8258,190,,,0,73,,8265,190,,,0,33,,8255,190,,,0,73,,8269,190,,,0,33,,8270,190,,,0,73,,8268,190,,,0,33,,8250,190,,,0,73,,8252,190,,,0,33,,8249,190,,,0,73,,8262,190,,,0,33,,8253,190,,,0,73,,8263,190,,,0,73,,8261,190,,,0,33,,8259,190,,,0,73,,8251,190,,,0,33,,8254,190,,,0,73,,8264,190,,,0,33,,8267,190,,,0
300,'208becb0-a2f3-4a1e-94d4-0c0b1bcc9f11',734,,8395,68,,,0,73,,8400,68,,,0,33,,8393,68,,,0,73,,8381,68,,,0,33,,8402,68,,,0,73,,8401,68,,,0,33,,8405,68,,,0,73,,8404,68,,,0,33,,8382,68,,,0,73,,8391,68,,,0,73,,8407,68,,,0,33,,8386,68,,,0,73,,8380,68,,,0,33,,8394,68,,,0,73,,8397,68,,,0,33,,8410,68,,,0,73,,8406,68,,,0,33,,8384,68,,,0,73,,8396,68,,,0,73,,8387,68,,,0,33,,8403,68,,,0,73,,8383,68,,,0,33,,8385,68,,,0,73,,8409,68,,,0,33,,8388,68,,,0,73,,8408,68,,,0,33,,8389,68,,,0,73,,8398,68,,,0,33,,8399,68,,,0,64,,8392,68,,,0,30,,8390,68,,,0
300,'25ce079e-2902-4561-b3b8-aaefe35358b8',807,,8422,68,,,0,33,,8411,68,,,0,73,,8420,68,,,0,33,,8427,68,,,0,73,,8412,68,,,0,33,,8416,68,,,0,73,,8430,68,,,0,33,,8428,68,,,0,73,,8423,68,,,0,73,,8421,68,,,0,33,,8414,68,,,0,73,,8418,68,,,0,33,,8425,68,,,0,73,,8419,68,,,0,33,,8424,68,,,0,73,,8415,68,,,0,33,,8413,68,,,0,73,,8429,68,,,0,73,,8417,68,,,0,33,,8431,68,,,0,68,,8426,68,,,0
300,'599df357-d0cf-4a96-9d21-3021fe181a26',628,,8458,68,,,0,74,,8435,68,,,0,32,,8451,68,,,0,73,,8449,68,,,0,33,,8454,68,,,0,73,,8443,68,,,0,33,,8446,68,,,0,73,,8461,68,,,0,33,,8442,68,,,0,73,,8441,68,,,0,33,,8462,68,,,0,73,,8445,68,,,0,73,,8433,68,,,0,33,,8434,68,,,0,73,,8450,68,,,0,33,,8436,68,,,0,73,,8437,68,,,0,33,,8456,68,,,0,73,,8438,68,,,0,33,,8459,68,,,0,73,,8455,68,,,0,73,,8463,68,,,0,33,,8432,68,,,0,73,,8439,68,,,0,33,,8447,68,,,0,73,,8460,68,,,0,33,,8453,68,,,0,73,,8444,68,,,0,33,,8464,68,,,0,73,,8440,68,,,0,33,,8452,68,,,0,64,,8448,68,,,0,30,,8457,68,,,0
300,'f1b8bc1c-304d-4ce4-ace6-7c20cda06a39',807,,8474,68,,,0,33,,8470,68,,,0,73,,8465,68,,,0,33,,8483,68,,,0,73,,8478,68,,,0,33,,8480,68,,,0,73,,8484,68,,,0,33,,8468,68,,,0,73,,8472,68,,,0,73,,8482,68,,,0,33,,8485,68,,,0,73,,8473,68,,,0,33,,8469,68,,,0,73,,8481,68,,,0,33,,8471,68,,,0,73,,8475,68,,,0,33,,8477,68,,,0,73,,8479,68,,,0,73,,8467,68,,,0,33,,8476,68,,,0,68,,8466,68,,,0
400,'208becb0-a2f3-4a1e-94d4-0c0b1bcc9f11',734,,8616,144,,,0,72,,8607,144,,,0,35,,8610,144,,,0,71,,8598,144,,,0,33,,8599,144,,,0,73,,8611,144,,,0,33,,8596,144,,,0,73,,8612,144,,,0,33,,8620,144,,,0,73,,8615,144,,,0,73,,8604,144,,,0,33,,8603,144,,,0,73,,8609,144,,,0,33,,8613,144,,,0,73,,8601,144,,,0,33,,8617,144,,,0,73,,8621,144,,,0,33,,8618,144,,,0,73,,8619,144,,,0,73,,8623,144,,,0,33,,8622,144,,,0,73,,8592,144,,,0,33,,8602,144,,,0,73,,8606,144,,,0,33,,8595,144,,,0,73,,8600,144,,,0,33,,8605,144,,,0,73,,8593,144,,,0,33,,8614,144,,,0,73,,8608,144,,,0,26,,8597,143,,,0
400,'25ce079e-2902-4561-b3b8-aaefe35358b8',841,,8631,144,,,0,71,,8639,144,,,0,33,,8630,144,,,0,73,,8642,144,,,0,33,,8633,144,,,0,73,,8643,144,,,0,33,,8637,144,,,0,73,,8629,144,,,0,73,,8640,144,,,0,33,,8625,144,,,0,73,,8641,144,,,0,33,,8638,144,,,0,73,,8624,144,,,0,33,,8628,144,,,0,73,,8632,144,,,0,33,,8626,144,,,0,73,,8636,144,,,0,73,,8634,144,,,0,33,,8635,144,,,0,73,,8627,143,,,0
400,'599df357-d0cf-4a96-9d21-3021fe181a26',636,,8664,144,,,0,65,,8658,144,,,0,33,,8671,144,,,0,72,,8667,144,,,0,34,,8654,144,,,0,72,,8651,144,,,0,33,,8647,144,,,0,73,,8650,144,,,0,33,,8648,144,,,0,73,,8660,144,,,0,33,,8656,144,,,0,73,,8675,144,,,0,73,,8657,144,,,0,33,,8669,144,,,0,73,,8659,144,,,0,33,,8674,144,,,0,73,,8655,144,,,0,33,,8663,144,,,0,73,,8645,144,,,0,33,,8668,144,,,0,73,,8653,144,,,0,73,,8662,144,,,0,33,,8677,144,,,0,73,,8665,144,,,0,33,,8649,144,,,0,73,,8661,144,,,0,33,,8673,144,,,0,73,,8666,144,,,0,33,,8644,144,,,0,73,,8652,144,,,0,33,,8676,144,,,0,73,,8670,144,,,0,26,,8672,143,,,0
400,'f1b8bc1c-304d-4ce4-ace6-7c20cda06a39',841,,8696,144,,,0,71,,8690,144,,,0,33,,8689,144,,,0,73,,8681,144,,,0,33,,8692,144,,,0,73,,8693,144,,,0,33,,8679,144,,,0,73,,8684,144,,,0,73,,8698,144,,,0,33,,8695,144,,,0,73,,8680,144,,,0,33,,8688,144,,,0,73,,8686,144,,,0,33,,8685,144,,,0,73,,8687,144,,,0,33,,8683,144,,,0,73,,8697,144,,,0,73,,8678,144,,,0,33,,8691,144,,,0,73,,8694,143,,,0
