400,'0fbe59f6-d4bc-41cf-9d89-7119a6d1eb67',705,,9996,60,,,0,32,,10005,60,,,0,75,,10012,60,,,0,31,,9994,60,,,0,73,,10016,60,,,0,33,,10001,60,,,0,73,,9995,60,,,0,33,,10017,60,,,0,73,,10004,60,,,0,73,,10024,60,,,0,33,,9993,60,,,0,73,,10013,60,,,0,33,,9999,60,,,0,76,,10010,60,,,0,38,,10007,60,,,0,76,,10019,60,,,0,76,,10008,60,,,0,35,,10002,60,,,0,75,,10011,60,,,0,32,,10009,60,,,0,74,,10006,60,,,0,35,,10014,60,,,0,72,,10022,60,,,0,72,,10003,60,,,0,34,,10021,60,,,0,73,,10018,60,,,0,33,,9998,60,,,0,69,,10000,60,,,0,30,,10020,60,,,0,65,,10015,60,,,0,27,,9997,60,,,0
400,'79ca8b2f-a5ba-4317-be99-b99c34cbda89',812,,10029,60,,,0,31,,10035,60,,,0,73,,10027,60,,,0,33,,10039,60,,,0,73,,10026,60,,,0,33,,10038,60,,,0,73,,10041,60,,,0,73,,10032,60,,,0,33,,10040,60,,,0,73,,10030,60,,,0,33,,10031,60,,,0,73,,10034,60,,,0,33,,10033,60,,,0,73,,10037,60,,,0,33,,10036,60,,,0,73,,10025,60,,,0,33,,10044,60,,,0,73,,10042,60,,,0,73,,10043,60,,,0,33,,10028,60,,,0
400,'d0b31cb1-5133-4edf-a738-44ef9b24ca11',812,,10056,60,,,0,31,,10057,60,,,0,73,,10047,60,,,0,33,,10052,60,,,0,73,,10051,60,,,0,33,,10053,60,,,0,73,,10049,60,,,0,73,,10045,60,,,0,33,,10055,60,,,0,73,,10065,60,,,0,33,,10063,60,,,0,73,,10054,60,,,0,33,,10050,60,,,0,73,,10061,60,,,0,33,,10048,60,,,0,73,,10064,60,,,0,33,,10046,60,,,0,73,,10058,60,,,0,73,,10062,60,,,0,33,,10060,60,,,0
400,'f7e5e6f9-100f-43d4-b32c-13a52a04d3e9',632,,10084,60,,,0,73,,10070,60,,,0,32,,10094,60,,,0,74,,10093,60,,,0,32,,10077,60,,,0,73,,10092,60,,,0,33,,10074,60,,,0,73,,10066,60,,,0,33,,10099,60,,,0,73,,10082,60,,,0,73,,10068,60,,,0,33,,10090,60,,,0,73,,10095,60,,,0,33,,10075,60,,,0,76,,10088,60,,,0,38,,10085,60,,,0,76,,10080,60,,,0,76,,10098,60,,,0,35,,10081,60,,,0,75,,10086,60,,,0,32,,10079,60,,,0,74,,10071,60,,,0,35,,10067,60,,,0,72,,10069,60,,,0,72,,10073,60,,,0,34,,10097,60,,,0,73,,10089,60,,,0,33,,10096,60,,,0,69,,10083,60,,,0,30,,10091,60,,,0,65,,10078,60,,,0,27,,10072,60,,,0
1006000,'f7e5e6f9-100f-43d4-b32c-13a52a04d3e9',708,,10503,175,,,0,96,,10505,175,,,0,100,,10501,175,,,0,105,,10508,175,,,0,100,,10509,175,,,0,100,,10502,175,,,0,100,,10500,175,,,0,100,,10506,175,,,0,100,,10510,175,,,0,105,,10507,175,,,0,100,,10504,175,,,0,100,,10512,175,,,0,100,,10511,173,,,0
2006000,'f7e5e6f9-100f-43d4-b32c-13a52a04d3e9',640,,10573,89,,,0,94,,10567,89,,,0,100,,10563,89,,,0,105,,10568,89,,,0,100,,10569,89,,,0,100,,10571,89,,,0,100,,10565,89,,,0,100,,10564,89,,,0,100,,10572,89,,,0,105,,10566,89,,,0,100,,10562,89,,,0,100,,10561,89,,,0,100,,10570,88,,,0
3006000,'0fbe59f6-d4bc-41cf-9d89-7119a6d1eb67',715,,10621,71,,,0,41,,10637,71,,,0,85,,10643,71,,,0,85,,10623,71,,,0,85,,10641,71,,,0,45,,10633,71,,,0,85,,10627,71,,,0,85,,10631,71,,,0,85,,10635,71,,,0,45,,10625,71,,,0,85,,10629,71,,,0,85,,10626,71,,,0,85,,10624,71,,,0,45,,10640,71,,,0,85,,10632,71,,,0,85,,10636,71,,,0,85,,10630,71,,,0,45,,10642,71,,,0,85,,10638,71,,,0,85,,10622,71,,,0,85,,10634,71,,,0,45,,10639,71,,,0,85,,10628,74,,,0
3006000,'79ca8b2f-a5ba-4317-be99-b99c34cbda89',815,,10644,71,,,0,41,,10647,71,,,0,85,,10657,71,,,0,85,,10656,71,,,0,85,,10649,71,,,0,45,,10645,71,,,0,85,,10651,71,,,0,85,,10650,71,,,0,85,,10653,71,,,0,45,,10648,71,,,0,85,,10654,71,,,0,85,,10652,71,,,0,85,,10646,71,,,0,45,,10658,71,,,0,85,,10655,74,,,0
3006000,'d0b31cb1-5133-4edf-a738-44ef9b24ca11',815,,10669,71,,,0,41,,10663,71,,,0,85,,10660,71,,,0,85,,10673,71,,,0,85,,10672,71,,,0,45,,10666,71,,,0,85,,10668,71,,,0,85,,10659,71,,,0,85,,10662,71,,,0,45,,10671,71,,,0,85,,10661,71,,,0,85,,10667,71,,,0,85,,10664,71,,,0,45,,10670,71,,,0,85,,10665,74,,,0
3006000,'f7e5e6f9-100f-43d4-b32c-13a52a04d3e9',1956,,10676,71,,,0,85,,10675,71,,,0,85,,10677,71,,,0,85,,10679,71,,,0,45,,10678,71,,,0,85,,10674,74,,,0
