100,'208becb0-a2f3-4a1e-94d4-0c0b1bcc9f11',701,,7935,13,,,0,33,,7940,13,,,0,73,,7937,13,,,0,33,,7959,13,,,0,73,,7952,13,,,0,33,,7957,13,,,0,73,,7965,13,,,0,33,,7941,13,,,0,73,,7958,13,,,0,33,,7962,13,,,0,73,,7944,13,,,0,73,,7938,13,,,0,33,,7951,13,,,0,73,,7961,13,,,0,33,,7963,13,,,0,73,,7942,13,,,0,33,,7966,13,,,0,73,,7948,13,,,0,33,,7956,13,,,0,73,,7955,13,,,0,73,,7939,13,,,0,33,,7954,13,,,0,73,,7947,13,,,0,33,,7953,13,,,0,73,,7936,13,,,0,33,,7945,13,,,0,73,,7934,13,,,0,33,,7964,13,,,0,73,,7943,13,,,0,30,,7949,13,,,0,70,,7950,13,,,0,23,,7960,13,,,0
100,'25ce079e-2902-4561-b3b8-aaefe35358b8',807,,7967,13,,,0,33,,7987,13,,,0,73,,7976,13,,,0,33,,7968,13,,,0,73,,7980,13,,,0,33,,7984,13,,,0,73,,7982,13,,,0,33,,7970,13,,,0,73,,7986,13,,,0,73,,7974,13,,,0,33,,7975,13,,,0,73,,7969,13,,,0,33,,7978,13,,,0,73,,7981,13,,,0,33,,7985,13,,,0,73,,7973,13,,,0,33,,7971,13,,,0,73,,7977,13,,,0,73,,7979,13,,,0,33,,7972,13,,,0,25,,7983,13,,,0
100,'599df357-d0cf-4a96-9d21-3021fe181a26',604,,8006,13,,,0,28,,7995,13,,,0,69,,8015,13,,,0,33,,8003,13,,,0,73,,8014,13,,,0,33,,8016,13,,,0,73,,7993,13,,,0,33,,8022,13,,,0,73,,7988,13,,,0,33,,8005,13,,,0,73,,8011,13,,,0,33,,7991,13,,,0,73,,8013,13,,,0,73,,8004,13,,,0,33,,7997,13,,,0,73,,8001,13,,,0,33,,7994,13,,,0,73,,8002,13,,,0,33,,8012,13,,,0,73,,8007,13,,,0,33,,8020,13,,,0,73,,8009,13,,,0,73,,7992,13,,,0,33,,7996,13,,,0,73,,8010,13,,,0,33,,8008,13,,,0,73,,7990,13,,,0,33,,7989,13,,,0,73,,8017,13,,,0,33,,8021,13,,,0,73,,7998,13,,,0,30,,8018,13,,,0,70,,8000,13,,,0,23,,7999,13,,,0
100,'f1b8bc1c-304d-4ce4-ace6-7c20cda06a39',807,,8030,13,,,0,33,,8031,13,,,0,73,,8040,13,,,0,33,,8034,13,,,0,73,,8039,13,,,0,33,,8045,13,,,0,73,,8043,13,,,0,33,,8042,13,,,0,73,,8038,13,,,0,73,,8027,13,,,0,33,,8026,13,,,0,73,,8033,13,,,0,33,,8044,13,,,0,73,,8028,13,,,0,33,,8041,13,,,0,73,,8024,13,,,0,33,,8035,13,,,0,73,,8036,13,,,0,73,,8032,13,,,0,33,,8023,13,,,0,25,,8037,13,,,0
101,'208becb0-a2f3-4a1e-94d4-0c0b1bcc9f11',710,,8076,103,,,0,33,,8060,103,,,0,73,,8047,103,,,0,33,,8077,103,,,0,73,,8056,103,,,0,33,,8079,103,,,0,73,,8058,103,,,0,73,,8078,103,,,0,33,,8072,103,,,0,73,,8061,103,,,0,33,,8070,103,,,0,73,,8052,103,,,0,33,,8050,103,,,0,73,,8069,103,,,0,33,,8065,103,,,0,73,,8055,103,,,0,33,,8071,103,,,0,73,,8057,103,,,0,73,,8051,103,,,0,33,,8074,103,,,0,73,,8048,103,,,0,33,,8053,103,,,0,73,,8059,103,,,0,33,,8073,103,,,0,73,,8067,103,,,0,33,,8068,103,,,0,73,,8064,103,,,0,73,,8062,103,,,0,33,,8054,103,,,0,70,,8066,103,,,0,30,,8046,103,,,0
101,'25ce079e-2902-4561-b3b8-aaefe35358b8',816,,8089,103,,,0,33,,8085,103,,,0,73,,8093,103,,,0,33,,8086,103,,,0,73,,8082,103,,,0,73,,8095,103,,,0,33,,8081,103,,,0,73,,8092,103,,,0,33,,8097,103,,,0,73,,8083,103,,,0,33,,8099,103,,,0,73,,8096,103,,,0,33,,8087,103,,,0,73,,8098,103,,,0,33,,8094,103,,,0,73,,8101,103,,,0,73,,8100,103,,,0,33,,8091,103,,,0,73,,8088,103,,,0,33,,8084,103,,,0
101,'599df357-d0cf-4a96-9d21-3021fe181a26',608,,8128,103,,,0,29,,8103,103,,,0,73,,8111,103,,,0,33,,8119,103,,,0,73,,8102,103,,,0,33,,8115,103,,,0,73,,8130,103,,,0,33,,8135,103,,,0,73,,8121,103,,,0,73,,8112,103,,,0,33,,8122,103,,,0,73,,8106,103,,,0,33,,8126,103,,,0,73,,8107,103,,,0,33,,8127,103,,,0,73,,8105,103,,,0,33,,8129,103,,,0,73,,8124,103,,,0,33,,8110,103,,,0,73,,8133,103,,,0,73,,8113,103,,,0,33,,8117,103,,,0,73,,8104,103,,,0,33,,8109,103,,,0,73,,8131,103,,,0,33,,8114,103,,,0,73,,8123,103,,,0,33,,8134,103,,,0,73,,8108,103,,,0,73,,8132,103,,,0,33,,8116,103,,,0,70,,8118,103,,,0,30,,8120,103,,,0
101,'f1b8bc1c-304d-4ce4-ace6-7c20cda06a39',816,,8153,103,,,0,33,,8146,103,,,0,73,,8154,103,,,0,33,,8145,103,,,0,73,,8142,103,,,0,73,,8150,103,,,0,33,,8136,103,,,0,73,,8151,103,,,0,33,,8141,103,,,0,73,,8156,103,,,0,33,,8152,103,,,0,73,,8155,103,,,0,33,,8139,103,,,0,73,,8138,103,,,0,33,,8137,103,,,0,73,,8140,103,,,0,73,,8149,103,,,0,33,,8147,103,,,0,73,,8143,103,,,0,33,,8157,103,,,0
201,'208becb0-a2f3-4a1e-94d4-0c0b1bcc9f11',727,,8271,133,,,0,73,,8278,133,,,0,33,,8272,133,,,0,73,,8289,133,,,0,33,,8295,133,,,0,73,,8287,133,,,0,33,,8285,133,,,0,73,,8273,133,,,0,33,,8280,133,,,0,73,,8274,133,,,0,33,,8290,133,,,0,73,,8299,133,,,0,73,,8298,133,,,0,33,,8276,133,,,0,73,,8302,133,,,0,33,,8294,133,,,0,73,,8283,133,,,0,33,,8282,133,,,0,73,,8277,133,,,0,33,,8275,133,,,0,73,,8284,133,,,0,73,,8279,133,,,0,33,,8301,133,,,0,73,,8286,133,,,0,33,,8281,133,,,0,73,,8291,133,,,0,33,,8300,133,,,0,73,,8293,133,,,0,30,,8297,133,,,0,70,,8292,133,,,0,32,,8288,133,,,0
201,'25ce079e-2902-4561-b3b8-aaefe35358b8',833,,8312,133,,,0,73,,8309,133,,,0,33,,8304,133,,,0,73,,8303,133,,,0,33,,8319,133,,,0,73,,8305,133,,,0,33,,8313,133,,,0,73,,8307,133,,,0,33,,8311,133,,,0,73,,8317,133,,,0,73,,8306,133,,,0,33,,8321,133,,,0,73,,8308,133,,,0,33,,8314,133,,,0,73,,8316,133,,,0,33,,8322,133,,,0,73,,8315,133,,,0,33,,8310,133,,,0,73,,8318,133,,,0,73,,8320,133,,,0
201,'599df357-d0cf-4a96-9d21-3021fe181a26',621,,8336,133,,,0,33,,8339,133,,,0,73,,8352,133,,,0,73,,8347,133,,,0,33,,8324,133,,,0,73,,8341,133,,,0,33,,8346,133,,,0,73,,8325,133,,,0,33,,8354,133,,,0,73,,8338,133,,,0,33,,8334,133,,,0,73,,8348,133,,,0,33,,8337,133,,,0,73,,8335,133,,,0,73,,8351,133,,,0,33,,8333,133,,,0,73,,8350,133,,,0,33,,8329,133,,,0,73,,8355,133,,,0,33,,8331,133,,,0,73,,8340,133,,,0,33,,8330,133,,,0,73,,8345,133,,,0,73,,8326,133,,,0,33,,8349,133,,,0,73,,8344,133,,,0,33,,8356,133,,,0,73,,8357,133,,,0,33,,8328,133,,,0,73,,8343,133,,,0,30,,8342,133,,,0,70,,8332,133,,,0,32,,8353,133,,,0
201,'f1b8bc1c-304d-4ce4-ace6-7c20cda06a39',833,,8360,139,,,0,73,,8368,139,,,0,33,,8369,139,,,0,73,,8363,139,,,0,33,,8362,139,,,0,73,,8367,139,,,0,33,,8359,139,,,0,73,,8374,139,,,0,33,,8366,139,,,0,73,,8370,139,,,0,73,,8377,139,,,0,33,,8376,139,,,0,73,,8372,139,,,0,33,,8365,139,,,0,73,,8361,139,,,0,33,,8379,139,,,0,73,,8358,139,,,0,33,,8364,139,,,0,73,,8371,139,,,0,73,,8375,139,,,0
5101,'208becb0-a2f3-4a1e-94d4-0c0b1bcc9f11',729,,8859,73,,,0,80,,8860,73,,,0,40,,8851,73,,,0,80,,8855,73,,,0,80,,8847,73,,,0,40,,8846,73,,,0,80,,8850,73,,,0,80,,8861,73,,,0,40,,8848,73,,,0,80,,8858,73,,,0,80,,8854,73,,,0,40,,8853,73,,,0,80,,8856,73,,,0,80,,8852,73,,,0,40,,8845,73,,,0,80,,8844,73,,,0,80,,8849,73,,,0,40,,8857,73,,,0
5101,'599df357-d0cf-4a96-9d21-3021fe181a26',628,,8862,73,,,0,23,,8871,73,,,0,79,,8868,73,,,0,80,,8878,73,,,0,40,,8864,73,,,0,80,,8872,73,,,0,80,,8873,73,,,0,40,,8865,73,,,0,83,,8870,73,,,0,85,,8863,73,,,0,85,,8875,73,,,0,45,,8877,73,,,0,85,,8879,73,,,0,85,,8869,73,,,0,85,,8866,73,,,0,45,,8867,73,,,0,85,,8874,73,,,0,80,,8876,73,,,0,40,,8880,73,,,0
5201,'208becb0-a2f3-4a1e-94d4-0c0b1bcc9f11',706,,8933,94,,,0,41,,8929,94,,,0,80,,8920,94,,,0,80,,8918,94,,,0,40,,8928,94,,,0,80,,8935,94,,,0,80,,8922,94,,,0,40,,8921,94,,,0,80,,8925,94,,,0,80,,8927,94,,,0,40,,8926,94,,,0,80,,8932,94,,,0,80,,8934,94,,,0,40,,8930,94,,,0,80,,8923,94,,,0,80,,8924,94,,,0,40,,8919,94,,,0,80,,8931,94,,,0
5201,'599df357-d0cf-4a96-9d21-3021fe181a26',611,,8945,94,,,0,20,,8942,94,,,0,76,,8941,94,,,0,40,,8951,94,,,0,80,,8947,94,,,0,80,,8949,94,,,0,40,,8938,94,,,0,80,,8955,94,,,0,80,,8940,94,,,0,40,,8948,94,,,0,80,,8937,94,,,0,80,,8936,94,,,0,40,,8943,94,,,0,80,,8939,94,,,0,80,,8950,94,,,0,40,,8944,94,,,0,80,,8953,94,,,0,80,,8954,94,,,0,40,,8946,94,,,0,80,,8952,94,,,0
