100,'208becb0-a2f3-4a1e-94d4-0c0b1bcc9f11',703,,7935,31,,,0,33,,7940,31,,,0,73,,7937,31,,,0,33,,7959,31,,,0,73,,7952,31,,,0,33,,7957,31,,,0,73,,7965,31,,,0,33,,7941,31,,,0,73,,7958,31,,,0,73,,7962,31,,,0,33,,7944,31,,,0,73,,7938,31,,,0,33,,7951,31,,,0,73,,7961,31,,,0,33,,7963,31,,,0,73,,7942,31,,,0,33,,7966,31,,,0,73,,7948,31,,,0,33,,7956,31,,,0,73,,7955,31,,,0,73,,7939,31,,,0,33,,7954,31,,,0,73,,7947,31,,,0,33,,7953,31,,,0,73,,7936,31,,,0,33,,7945,31,,,0,73,,7934,31,,,0,33,,7964,31,,,0,73,,7943,31,,,0,30,,7949,31,,,0,70,,7950,34,,,0,23,,7960,34,,,0
100,'25ce079e-2902-4561-b3b8-aaefe35358b8',809,,7967,31,,,0,33,,7987,31,,,0,73,,7976,31,,,0,33,,7968,31,,,0,73,,7980,31,,,0,33,,7984,31,,,0,73,,7982,31,,,0,73,,7970,31,,,0,33,,7986,31,,,0,73,,7974,31,,,0,33,,7975,31,,,0,73,,7969,31,,,0,33,,7978,31,,,0,73,,7981,31,,,0,33,,7985,31,,,0,73,,7973,31,,,0,33,,7971,31,,,0,73,,7977,31,,,0,73,,7979,31,,,0,33,,7972,34,,,0,65,,7983,34,,,0
100,'599df357-d0cf-4a96-9d21-3021fe181a26',606,,8006,31,,,0,28,,7995,31,,,0,69,,8015,31,,,0,33,,8003,31,,,0,73,,8014,31,,,0,33,,8016,31,,,0,73,,7993,31,,,0,33,,8022,31,,,0,73,,7988,31,,,0,33,,8005,31,,,0,73,,8011,31,,,0,73,,7991,31,,,0,33,,8013,31,,,0,73,,8004,31,,,0,33,,7997,31,,,0,73,,8001,31,,,0,33,,7994,31,,,0,73,,8002,31,,,0,33,,8012,31,,,0,73,,8007,31,,,0,33,,8020,31,,,0,73,,8009,31,,,0,73,,7992,31,,,0,33,,7996,31,,,0,73,,8010,31,,,0,33,,8008,31,,,0,73,,7990,31,,,0,33,,7989,31,,,0,73,,8017,31,,,0,33,,8021,31,,,0,73,,7998,31,,,0,30,,8018,31,,,0,70,,8000,34,,,0,23,,7999,34,,,0
100,'f1b8bc1c-304d-4ce4-ace6-7c20cda06a39',809,,8030,31,,,0,33,,8031,31,,,0,73,,8040,31,,,0,33,,8034,31,,,0,73,,8039,31,,,0,33,,8045,31,,,0,73,,8043,31,,,0,73,,8042,31,,,0,33,,8038,31,,,0,73,,8027,31,,,0,33,,8026,31,,,0,73,,8033,31,,,0,33,,8044,31,,,0,73,,8028,31,,,0,33,,8041,31,,,0,73,,8024,31,,,0,33,,8035,31,,,0,73,,8036,31,,,0,73,,8032,31,,,0,33,,8023,34,,,0,65,,8037,34,,,0
101,'208becb0-a2f3-4a1e-94d4-0c0b1bcc9f11',712,,8076,122,,,0,33,,8060,122,,,0,73,,8047,122,,,0,33,,8077,122,,,0,73,,8056,122,,,0,33,,8079,122,,,0,73,,8058,122,,,0,73,,8078,122,,,0,33,,8072,122,,,0,73,,8061,122,,,0,33,,8070,122,,,0,73,,8052,122,,,0,33,,8050,122,,,0,73,,8069,122,,,0,33,,8065,122,,,0,73,,8055,122,,,0,73,,8071,122,,,0,33,,8057,122,,,0,73,,8051,122,,,0,33,,8074,122,,,0,73,,8048,122,,,0,33,,8053,122,,,0,73,,8059,122,,,0,33,,8073,122,,,0,73,,8067,122,,,0,33,,8068,122,,,0,73,,8064,122,,,0,73,,8062,122,,,0,33,,8054,122,,,0,70,,8066,122,,,0,30,,8046,122,,,0
101,'25ce079e-2902-4561-b3b8-aaefe35358b8',818,,8089,122,,,0,33,,8085,122,,,0,73,,8093,122,,,0,33,,8086,122,,,0,73,,8082,122,,,0,73,,8095,122,,,0,33,,8081,122,,,0,73,,8092,122,,,0,33,,8097,122,,,0,73,,8083,122,,,0,33,,8099,122,,,0,73,,8096,122,,,0,33,,8087,122,,,0,73,,8098,122,,,0,73,,8094,122,,,0,33,,8101,122,,,0,73,,8100,122,,,0,33,,8091,122,,,0,73,,8088,122,,,0,33,,8084,122,,,0
101,'599df357-d0cf-4a96-9d21-3021fe181a26',610,,8128,122,,,0,29,,8103,122,,,0,73,,8111,122,,,0,33,,8119,122,,,0,73,,8102,122,,,0,33,,8115,122,,,0,73,,8130,122,,,0,33,,8135,122,,,0,73,,8121,122,,,0,73,,8112,122,,,0,33,,8122,122,,,0,73,,8106,122,,,0,33,,8126,122,,,0,73,,8107,122,,,0,33,,8127,122,,,0,73,,8105,122,,,0,33,,8129,122,,,0,73,,8124,122,,,0,73,,8110,122,,,0,33,,8133,122,,,0,73,,8113,122,,,0,33,,8117,122,,,0,73,,8104,122,,,0,33,,8109,122,,,0,73,,8131,122,,,0,33,,8114,122,,,0,73,,8123,122,,,0,33,,8134,122,,,0,73,,8108,122,,,0,73,,8132,122,,,0,33,,8116,122,,,0,70,,8118,122,,,0,30,,8120,122,,,0
101,'f1b8bc1c-304d-4ce4-ace6-7c20cda06a39',818,,8153,122,,,0,33,,8146,122,,,0,73,,8154,122,,,0,33,,8145,122,,,0,73,,8142,122,,,0,73,,8150,122,,,0,33,,8136,122,,,0,73,,8151,122,,,0,33,,8141,122,,,0,73,,8156,122,,,0,33,,8152,122,,,0,73,,8155,122,,,0,33,,8139,122,,,0,73,,8138,122,,,0,73,,8137,122,,,0,33,,8140,122,,,0,73,,8149,122,,,0,33,,8147,122,,,0,73,,8143,122,,,0,33,,8157,122,,,0
200,'208becb0-a2f3-4a1e-94d4-0c0b1bcc9f11',719,,8188,36,,,0,33,,8169,36,,,0,73,,8164,36,,,0,33,,8184,36,,,0,73,,8165,36,,,0,73,,8170,36,,,0,33,,8171,36,,,0,73,,8175,36,,,0,33,,8185,36,,,0,73,,8183,36,,,0,33,,8177,36,,,0,73,,8160,36,,,0,33,,8173,36,,,0,73,,8174,36,,,0,73,,8158,36,,,0,33,,8189,36,,,0,73,,8182,36,,,0,33,,8161,36,,,0,73,,8180,36,,,0,33,,8178,36,,,0,73,,8166,36,,,0,33,,8172,36,,,0,73,,8163,36,,,0,33,,8159,36,,,0,73,,8162,36,,,0,73,,8167,36,,,0,33,,8168,36,,,0,73,,8176,36,,,0,33,,8190,36,,,0,70,,8179,36,,,0,23,,8181,36,,,0
200,'25ce079e-2902-4561-b3b8-aaefe35358b8',825,,8211,36,,,0,33,,8192,36,,,0,73,,8203,36,,,0,73,,8204,36,,,0,33,,8202,36,,,0,73,,8210,36,,,0,33,,8209,36,,,0,73,,8213,36,,,0,33,,8197,36,,,0,73,,8196,36,,,0,33,,8195,36,,,0,73,,8212,36,,,0,73,,8200,36,,,0,33,,8205,36,,,0,73,,8193,36,,,0,33,,8206,36,,,0,73,,8207,36,,,0,33,,8198,36,,,0,73,,8201,36,,,0,28,,8208,36,,,0
200,'599df357-d0cf-4a96-9d21-3021fe181a26',613,,8215,36,,,0,33,,8247,36,,,0,73,,8244,36,,,0,33,,8232,36,,,0,73,,8224,36,,,0,33,,8236,36,,,0,73,,8226,36,,,0,73,,8248,36,,,0,33,,8241,36,,,0,73,,8222,36,,,0,33,,8227,36,,,0,73,,8240,36,,,0,33,,8231,36,,,0,73,,8235,36,,,0,33,,8243,36,,,0,73,,8229,36,,,0,73,,8246,36,,,0,33,,8230,36,,,0,73,,8216,36,,,0,33,,8220,36,,,0,73,,8239,36,,,0,33,,8242,36,,,0,73,,8228,36,,,0,33,,8223,36,,,0,73,,8218,36,,,0,33,,8214,36,,,0,73,,8237,36,,,0,73,,8219,36,,,0,33,,8225,36,,,0,73,,8233,36,,,0,33,,8238,36,,,0,70,,8217,36,,,0,23,,8234,36,,,0
200,'f1b8bc1c-304d-4ce4-ace6-7c20cda06a39',825,,8257,36,,,0,33,,8258,36,,,0,73,,8265,36,,,0,73,,8255,36,,,0,33,,8269,36,,,0,73,,8270,36,,,0,33,,8268,36,,,0,73,,8250,36,,,0,33,,8252,36,,,0,73,,8260,36,,,0,33,,8262,36,,,0,73,,8253,36,,,0,73,,8263,36,,,0,33,,8261,36,,,0,73,,8259,36,,,0,33,,8251,36,,,0,73,,8254,36,,,0,33,,8264,36,,,0,73,,8267,36,,,0,28,,8266,36,,,0
201,'208becb0-a2f3-4a1e-94d4-0c0b1bcc9f11',729,,8271,153,,,0,73,,8278,153,,,0,33,,8272,153,,,0,73,,8289,153,,,0,33,,8295,153,,,0,73,,8287,153,,,0,33,,8285,153,,,0,73,,8273,153,,,0,33,,8280,153,,,0,73,,8274,153,,,0,33,,8290,153,,,0,73,,8299,153,,,0,73,,8298,153,,,0,33,,8276,153,,,0,73,,8302,153,,,0,33,,8294,153,,,0,73,,8283,153,,,0,33,,8282,153,,,0,73,,8277,153,,,0,33,,8275,153,,,0,73,,8284,153,,,0,73,,8279,153,,,0,33,,8301,153,,,0,73,,8286,153,,,0,33,,8281,153,,,0,73,,8291,153,,,0,33,,8300,153,,,0,73,,8293,153,,,0,30,,8297,153,,,0,70,,8292,153,,,0,32,,8288,153,,,0
201,'25ce079e-2902-4561-b3b8-aaefe35358b8',835,,8312,153,,,0,73,,8309,153,,,0,33,,8304,153,,,0,73,,8303,153,,,0,33,,8319,153,,,0,73,,8305,153,,,0,33,,8313,153,,,0,73,,8307,153,,,0,33,,8311,153,,,0,73,,8317,153,,,0,73,,8306,153,,,0,33,,8321,153,,,0,73,,8308,153,,,0,33,,8314,153,,,0,73,,8316,153,,,0,33,,8322,153,,,0,73,,8315,153,,,0,33,,8310,153,,,0,73,,8318,153,,,0,73,,8320,153,,,0
201,'599df357-d0cf-4a96-9d21-3021fe181a26',623,,8336,153,,,0,33,,8339,153,,,0,73,,8352,153,,,0,73,,8347,153,,,0,33,,8324,153,,,0,73,,8341,153,,,0,33,,8346,153,,,0,73,,8325,153,,,0,33,,8354,153,,,0,73,,8338,153,,,0,33,,8334,153,,,0,73,,8348,153,,,0,33,,8337,153,,,0,73,,8335,153,,,0,73,,8351,153,,,0,33,,8333,153,,,0,73,,8350,153,,,0,33,,8329,153,,,0,73,,8355,153,,,0,33,,8331,153,,,0,73,,8340,153,,,0,33,,8330,153,,,0,73,,8345,153,,,0,73,,8326,153,,,0,33,,8349,153,,,0,73,,8344,153,,,0,33,,8356,153,,,0,73,,8357,153,,,0,33,,8328,153,,,0,73,,8343,153,,,0,30,,8342,153,,,0,70,,8332,153,,,0,32,,8353,153,,,0
201,'f1b8bc1c-304d-4ce4-ace6-7c20cda06a39',835,,8360,159,,,0,73,,8368,159,,,0,33,,8369,159,,,0,73,,8363,159,,,0,33,,8362,159,,,0,73,,8367,159,,,0,33,,8359,159,,,0,73,,8374,159,,,0,33,,8366,159,,,0,73,,8370,159,,,0,73,,8377,159,,,0,33,,8376,159,,,0,73,,8372,159,,,0,33,,8365,159,,,0,73,,8361,159,,,0,33,,8379,159,,,0,73,,8358,159,,,0,33,,8364,159,,,0,73,,8371,159,,,0,73,,8375,159,,,0
5300,'208becb0-a2f3-4a1e-94d4-0c0b1bcc9f11',700,,8958,0,,,0,30,,8972,0,,,0,70,,8965,0,,,0,30,,8959,0,,,0,70,,8961,0,,,0,30,,8963,0,,,0,70,,8967,0,,,0,30,,8956,0,,,0,70,,8975,0,,,0,30,,8976,0,,,0,70,,8977,0,,,0,30,,8978,0,,,0,70,,8970,0,,,0,30,,8973,0,,,0,70,,8960,0,,,0,35,,8974,0,,,0,75,,8969,0,,,0,35,,8957,0,,,0,75,,8964,0,,,0,35,,8968,0,,,0,75,,8971,0,,,0,75,,8966,0,,,0,30,,8962,0,,,0
5300,'599df357-d0cf-4a96-9d21-3021fe181a26',600,,8985,0,,,0,30,,8980,0,,,0,70,,9000,0,,,0,30,,8979,0,,,0,70,,8996,0,,,0,30,,8984,0,,,0,70,,9003,0,,,0,30,,8998,0,,,0,70,,8999,0,,,0,30,,8991,0,,,0,70,,8989,0,,,0,30,,8988,0,,,0,70,,8981,0,,,0,30,,9002,0,,,0,70,,8997,0,,,0,30,,8982,0,,,0,70,,8990,0,,,0,35,,8994,0,,,0,75,,8995,0,,,0,35,,9001,0,,,0,75,,8992,0,,,0,35,,8993,0,,,0,75,,8987,0,,,0,75,,8986,0,,,0,30,,8983,0,,,0
5301,'208becb0-a2f3-4a1e-94d4-0c0b1bcc9f11',724,,9019,96,4,,0,30,,9007,96,4,,0,70,,9023,96,4,,0,30,,9009,96,4,,0,70,,9008,96,4,,0,30,,9022,96,4,,0,70,,9020,96,4,,0,30,,9025,96,4,,0,70,,9018,96,4,,0,30,,9024,96,4,,0,70,,9005,96,4,,0,30,,9021,96,4,,0,70,,9011,96,4,,0,30,,9006,96,4,,0,75,,9016,96,4,,0,75,,9015,96,4,,0,35,,9013,96,4,,0,75,,9010,96,4,,0,35,,9014,96,4,,0,75,,9012,96,4,,0,35,,9017,96,4,,0,75,,9004,96,4,,0
5301,'599df357-d0cf-4a96-9d21-3021fe181a26',623,,9039,96,4,,0,30,,9037,96,4,,0,71,,9030,96,4,,0,30,,9041,96,4,,0,70,,9029,96,4,,0,30,,9035,96,4,,0,70,,9026,96,4,,0,30,,9040,96,4,,0,70,,9034,96,4,,0,30,,9047,96,4,,0,70,,9043,96,4,,0,30,,9046,96,4,,0,70,,9033,96,4,,0,30,,9036,96,4,,0,70,,9038,96,4,,0,30,,9049,96,4,,0,75,,9032,96,4,,0,75,,9045,96,4,,0,35,,9042,96,4,,0,75,,9027,96,4,,0,35,,9044,96,4,,0,75,,9028,96,4,,0,35,,9031,96,4,,0,75,,9048,96,4,,0
