101,'208becb0-a2f3-4a1e-94d4-0c0b1bcc9f11',659,,8076,56,,,0,73,,8060,56,,,0,73,,8047,56,,,0,33,,8077,56,,,0,73,,8056,56,,,0,33,,8079,56,,,0,73,,8058,56,,,0,33,,8078,56,,,0,73,,8072,56,,,0,33,,8061,56,,,0,73,,8070,56,,,0,73,,8052,56,,,0,33,,8050,56,,,0,73,,8069,56,,,0,33,,8065,56,,,0,73,,8055,56,,,0,33,,8071,56,,,0,73,,8057,56,,,0,33,,8051,56,,,0,73,,8074,56,,,0,33,,8048,56,,,0,73,,8053,56,,,0,73,,8059,56,,,0,33,,8073,56,,,0,73,,8067,56,,,0,33,,8068,56,,,0,73,,8064,56,,,0,33,,8062,56,,,0,73,,8054,56,,,0,30,,8066,56,,,0,70,,8046,56,,,0,35,,8063,56,4,,0
101,'25ce079e-2902-4561-b3b8-aaefe35358b8',805,,8089,56,,,0,33,,8085,56,,,0,73,,8093,56,,,0,33,,8086,56,,,0,73,,8082,56,,,0,33,,8095,56,,,0,73,,8081,56,,,0,33,,8092,56,,,0,73,,8097,56,,,0,73,,8083,56,,,0,33,,8099,56,,,0,73,,8096,56,,,0,33,,8087,56,,,0,73,,8098,56,,,0,33,,8094,56,,,0,73,,8101,56,,,0,33,,8100,56,,,0,73,,8091,56,,,0,33,,8088,56,,,0,73,,8084,56,,,0,73,,8080,56,4,,0
101,'599df357-d0cf-4a96-9d21-3021fe181a26',557,,8128,56,,,0,69,,8103,56,,,0,33,,8111,56,,,0,73,,8119,56,,,0,73,,8102,56,,,0,33,,8115,56,,,0,73,,8130,56,,,0,33,,8135,56,,,0,73,,8121,56,,,0,33,,8112,56,,,0,73,,8122,56,,,0,33,,8106,56,,,0,73,,8126,56,,,0,73,,8107,56,,,0,33,,8127,56,,,0,73,,8105,56,,,0,33,,8129,56,,,0,73,,8124,56,,,0,33,,8110,56,,,0,73,,8133,56,,,0,33,,8113,56,,,0,73,,8117,56,,,0,33,,8104,56,,,0,73,,8109,56,,,0,73,,8131,56,,,0,33,,8114,56,,,0,73,,8123,56,,,0,33,,8134,56,,,0,73,,8108,56,,,0,33,,8132,56,,,0,73,,8116,56,,,0,30,,8118,56,,,0,70,,8120,56,,,0,35,,8125,56,4,,0
101,'f1b8bc1c-304d-4ce4-ace6-7c20cda06a39',805,,8153,56,,,0,33,,8146,56,,,0,73,,8154,56,,,0,33,,8145,56,,,0,73,,8142,56,,,0,33,,8150,56,,,0,73,,8136,56,,,0,33,,8151,56,,,0,73,,8141,56,,,0,73,,8156,56,,,0,33,,8152,56,,,0,73,,8155,56,,,0,33,,8139,56,,,0,73,,8138,56,,,0,33,,8137,56,,,0,73,,8140,56,,,0,33,,8149,56,,,0,73,,8147,56,,,0,33,,8143,56,,,0,73,,8157,56,,,0,73,,8148,56,4,,0
201,'208becb0-a2f3-4a1e-94d4-0c0b1bcc9f11',716,,8271,75,,,0,33,,8278,75,,,0,73,,8272,75,,,0,33,,8289,75,,,0,73,,8295,75,,,0,73,,8287,75,,,0,33,,8285,75,,,0,73,,8273,75,,,0,33,,8280,75,,,0,73,,8274,75,,,0,33,,8290,75,,,0,73,,8299,75,,,0,33,,8298,75,,,0,73,,8276,75,,,0,33,,8302,75,,,0,73,,8294,75,,,0,73,,8283,75,,,0,33,,8282,75,,,0,73,,8277,75,,,0,33,,8275,75,,,0,73,,8284,75,,,0,33,,8279,75,,,0,73,,8301,75,,,0,33,,8286,75,,,0,73,,8281,75,,,0,73,,8291,75,,,0,33,,8300,75,,,0,73,,8293,75,,,0,30,,8297,75,,,0,70,,8292,75,,,0,32,,8288,75,,,0
201,'25ce079e-2902-4561-b3b8-aaefe35358b8',822,,8312,75,,,0,33,,8309,75,,,0,73,,8304,75,,,0,73,,8303,75,,,0,33,,8319,75,,,0,73,,8305,75,,,0,33,,8313,75,,,0,73,,8307,75,,,0,33,,8311,75,,,0,73,,8317,75,,,0,33,,8306,75,,,0,73,,8321,75,,,0,33,,8308,75,,,0,73,,8314,75,,,0,73,,8316,75,,,0,33,,8322,75,,,0,73,,8315,75,,,0,33,,8310,75,,,0,73,,8318,75,,,0,33,,8320,75,,,0
201,'599df357-d0cf-4a96-9d21-3021fe181a26',610,,8336,75,,,0,33,,8339,75,,,0,73,,8352,75,,,0,33,,8347,75,,,0,73,,8324,75,,,0,33,,8341,75,,,0,73,,8346,75,,,0,73,,8325,75,,,0,33,,8354,75,,,0,73,,8338,75,,,0,33,,8334,75,,,0,73,,8348,75,,,0,33,,8337,75,,,0,73,,8335,75,,,0,33,,8351,75,,,0,73,,8333,75,,,0,33,,8350,75,,,0,73,,8329,75,,,0,73,,8355,75,,,0,33,,8331,75,,,0,73,,8340,75,,,0,33,,8330,75,,,0,73,,8345,75,,,0,33,,8326,75,,,0,73,,8349,75,,,0,33,,8344,75,,,0,73,,8356,75,,,0,73,,8357,75,,,0,33,,8328,75,,,0,73,,8343,75,,,0,30,,8342,75,,,0,70,,8332,75,,,0,32,,8353,75,,,0
201,'f1b8bc1c-304d-4ce4-ace6-7c20cda06a39',822,,8360,81,,,0,33,,8368,81,,,0,73,,8369,81,,,0,73,,8363,81,,,0,33,,8362,81,,,0,73,,8367,81,,,0,33,,8359,81,,,0,73,,8374,81,,,0,33,,8366,81,,,0,73,,8370,81,,,0,33,,8377,81,,,0,73,,8376,81,,,0,33,,8372,81,,,0,73,,8365,81,,,0,73,,8361,81,,,0,33,,8379,81,,,0,73,,8358,81,,,0,33,,8364,81,,,0,73,,8371,81,,,0,33,,8375,81,,,0
400,'208becb0-a2f3-4a1e-94d4-0c0b1bcc9f11',707,,8616,66,,,0,32,,8607,66,,,0,75,,8610,66,,,0,31,,8598,66,,,0,73,,8599,66,,,0,33,,8611,66,,,0,73,,8596,66,,,0,33,,8612,66,,,0,73,,8620,66,,,0,73,,8615,66,,,0,33,,8604,66,,,0,73,,8603,66,,,0,33,,8609,66,,,0,73,,8594,66,4,,0,33,,8601,66,,,0,73,,8617,66,,,0,33,,8621,66,,,0,73,,8618,66,,,0,73,,8619,66,,,0,33,,8623,66,,,0,73,,8622,66,,,0,33,,8592,66,,,0,73,,8602,66,,,0,33,,8606,66,,,0,73,,8595,66,,,0,33,,8600,66,,,0,73,,8605,66,,,0,33,,8593,66,,,0,73,,8614,66,,,0,73,,8608,66,,,0,26,,8597,66,,,0
400,'25ce079e-2902-4561-b3b8-aaefe35358b8',814,,8631,66,,,0,31,,8639,66,,,0,73,,8630,66,,,0,33,,8642,66,,,0,73,,8633,66,,,0,33,,8643,66,,,0,73,,8637,66,,,0,73,,8629,66,,,0,33,,8640,66,,,0,73,,8625,66,,,0,33,,8641,66,,,0,73,,8638,66,,,0,33,,8624,66,,,0,73,,8628,66,,,0,33,,8632,66,,,0,73,,8626,66,,,0,73,,8636,66,,,0,33,,8634,66,,,0,73,,8635,66,,,0,33,,8627,66,,,0
400,'599df357-d0cf-4a96-9d21-3021fe181a26',609,,8664,66,,,0,25,,8658,66,,,0,73,,8671,66,,,0,32,,8667,66,,,0,74,,8654,66,,,0,32,,8651,66,,,0,73,,8647,66,,,0,33,,8650,66,,,0,73,,8648,66,,,0,33,,8660,66,,,0,73,,8656,66,,,0,73,,8675,66,,,0,33,,8646,66,4,,0,73,,8669,66,,,0,33,,8659,66,,,0,73,,8674,66,,,0,33,,8655,66,,,0,73,,8663,66,,,0,33,,8645,66,,,0,73,,8668,66,,,0,73,,8653,66,,,0,33,,8662,66,,,0,73,,8677,66,,,0,33,,8665,66,,,0,73,,8649,66,,,0,33,,8661,66,,,0,73,,8673,66,,,0,33,,8666,66,,,0,73,,8644,66,,,0,33,,8652,66,,,0,73,,8676,66,,,0,73,,8670,66,,,0,26,,8672,66,,,0
400,'f1b8bc1c-304d-4ce4-ace6-7c20cda06a39',814,,8696,66,,,0,31,,8690,66,,,0,73,,8689,66,,,0,33,,8681,66,,,0,73,,8692,66,,,0,33,,8693,66,,,0,73,,8679,66,,,0,73,,8684,66,,,0,33,,8698,66,,,0,73,,8695,66,,,0,33,,8682,66,4,,0,73,,8688,66,,,0,33,,8686,66,,,0,73,,8685,66,,,0,33,,8687,66,,,0,73,,8683,66,,,0,73,,8697,66,,,0,33,,8678,66,,,0,73,,8691,66,,,0,33,,8694,66,,,0
1006100,'599df357-d0cf-4a96-9d21-3021fe181a26',703,,9133,79,4,,0,40,,9134,79,4,,0,85,,9139,79,4,,0,85,,9135,79,4,,0,45,,9128,79,4,,0,85,,9129,79,4,,0,85,,9132,79,4,,0,85,,9137,79,4,,0,45,,9130,79,4,,0,85,,9127,79,4,,0,85,,9124,79,4,,0,85,,9138,79,4,,0,45,,9136,79,4,,0,85,,9140,79,4,,0,85,,9125,79,4,,0,85,,9131,79,4,,0,45,,9126,79,4,,0
1006101,'599df357-d0cf-4a96-9d21-3021fe181a26',605,,9157,0,,,0,40,,9156,0,,,0,85,,9148,0,,,0,85,,9142,0,,,0,85,,9149,0,,,0,45,,9158,0,,,0,85,,9151,0,,,0,85,,9144,0,,,0,85,,9153,0,,,0,45,,9147,0,,,0,85,,9155,0,,,0,85,,9154,0,,,0,85,,9152,0,,,0,45,,9143,0,,,0,85,,9146,0,,,0,85,,9150,0,,,0,85,,9145,0,,,0,45,,9141,0,,,0
2006100,'599df357-d0cf-4a96-9d21-3021fe181a26',644,,9198,60,4,,0,80,,9199,60,4,,0,85,,9190,60,4,,0,45,,9187,60,4,,0,85,,9195,60,4,,0,85,,9186,60,4,,0,85,,9194,60,4,,0,45,,9191,60,4,,0,85,,9193,60,4,,0,85,,9196,60,4,,0,85,,9201,60,4,,0,45,,9192,60,4,,0,85,,9185,60,4,,0,85,,9188,60,4,,0,85,,9200,60,4,,0,45,,9189,60,4,,0,85,,9197,60,4,,0
2006101,'599df357-d0cf-4a96-9d21-3021fe181a26',625,,9214,0,,,0,80,,9212,0,,,0,45,,9206,0,,,0,85,,9213,0,,,0,85,,9216,0,,,0,85,,9211,0,,,0,45,,9207,0,,,0,85,,9217,0,,,0,85,,9202,0,,,0,85,,9210,0,,,0,45,,9209,0,,,0,85,,9215,0,,,0,85,,9204,0,,,0,85,,9205,0,,,0,45,,9218,0,,,0,85,,9208,0,,,0,85,,9203,0,,,0
