200,'0fbe59f6-d4bc-41cf-9d89-7119a6d1eb67',713,,9562,0,,,0,33,,9559,0,,,0,73,,9571,0,,,0,33,,9580,0,,,0,73,,9569,0,,,0,33,,9591,0,,,0,73,,9592,0,,,0,73,,9573,0,,,0,33,,9565,0,,,0,73,,9564,0,,,0,33,,9572,0,,,0,75,,9590,0,,,0,35,,9575,0,,,0,75,,9567,0,,,0,75,,9561,0,,,0,35,,9574,0,,,0,75,,9576,0,,,0,35,,9563,0,,,0,75,,9581,0,,,0,33,,9582,0,,,0,73,,9584,0,,,0,73,,9566,0,,,0,33,,9577,0,,,0,73,,9589,0,,,0,33,,9586,0,,,0,73,,9570,0,,,0,33,,9578,0,,,0,73,,9588,0,,,0,26,,9583,0,,,0,70,,9587,0,,,0,20,,9579,0,,,0
200,'79ca8b2f-a5ba-4317-be99-b99c34cbda89',819,,9601,0,,,0,33,,9595,0,,,0,73,,9610,0,,,0,33,,9602,0,,,0,73,,9609,0,,,0,73,,9605,0,,,0,33,,9596,0,,,0,73,,9614,0,,,0,33,,9612,0,,,0,73,,9608,0,,,0,33,,9598,0,,,0,73,,9597,0,,,0,33,,9611,0,,,0,73,,9593,0,,,0,73,,9613,0,,,0,33,,9594,0,,,0,73,,9604,0,,,0,33,,9603,0,,,0,73,,9607,0,,,0,28,,9600,0,,,0
200,'d0b31cb1-5133-4edf-a738-44ef9b24ca11',819,,9628,0,,,0,33,,9632,0,,,0,73,,9620,0,,,0,33,,9619,0,,,0,73,,9617,0,,,0,73,,9621,0,,,0,33,,9634,0,,,0,73,,9626,0,,,0,33,,9627,0,,,0,73,,9622,0,,,0,33,,9630,0,,,0,73,,9624,0,,,0,33,,9635,0,,,0,73,,9636,0,,,0,73,,9618,0,,,0,33,,9631,0,,,0,73,,9623,0,,,0,33,,9616,0,,,0,73,,9615,0,,,0,28,,9629,0,,,0
200,'f7e5e6f9-100f-43d4-b32c-13a52a04d3e9',605,,9649,0,,,0,35,,9654,0,,,0,73,,9650,0,,,0,33,,9667,0,,,0,73,,9668,0,,,0,33,,9663,0,,,0,73,,9653,0,,,0,33,,9656,0,,,0,73,,9639,0,,,0,73,,9641,0,,,0,33,,9642,0,,,0,73,,9652,0,,,0,33,,9670,0,,,0,75,,9655,0,,,0,35,,9643,0,,,0,75,,9647,0,,,0,75,,9661,0,,,0,35,,9664,0,,,0,75,,9637,0,,,0,35,,9646,0,,,0,75,,9657,0,,,0,33,,9659,0,,,0,73,,9651,0,,,0,73,,9665,0,,,0,33,,9669,0,,,0,73,,9638,0,,,0,33,,9662,0,,,0,73,,9645,0,,,0,33,,9658,0,,,0,73,,9644,0,,,0,26,,9671,0,,,0,70,,9660,0,,,0,20,,9640,0,,,0
201,'0fbe59f6-d4bc-41cf-9d89-7119a6d1eb67',736,,9698,215,4,,0,73,,9693,215,4,,0,33,,9680,215,4,,0,73,,9701,215,4,,0,33,,9702,215,4,,0,73,,9688,215,4,,0,33,,9674,215,4,,0,73,,9703,215,4,,0,73,,9679,215,4,,0,33,,9699,215,4,,0,73,,9676,215,4,,0,37,,9692,215,4,,0,75,,9691,215,4,,0,35,,9684,215,4,,0,75,,9677,215,4,,0,75,,9683,215,4,,0,35,,9689,215,4,,0,75,,9687,215,4,,0,35,,9695,215,4,,0,71,,9694,215,4,,0,33,,9697,215,4,,0,73,,9686,215,4,,0,33,,9672,215,4,,0,73,,9682,215,4,,0,73,,9685,215,4,,0,33,,9690,215,4,,0,73,,9675,215,4,,0,26,,9681,215,4,,0,70,,9673,215,4,,0,30,,9696,215,4,,0,65,,9678,215,4,,0
201,'79ca8b2f-a5ba-4317-be99-b99c34cbda89',842,,9718,215,4,,0,73,,9705,215,4,,0,33,,9723,215,4,,0,73,,9708,215,4,,0,33,,9714,215,4,,0,73,,9711,215,4,,0,73,,9704,215,4,,0,33,,9716,215,4,,0,73,,9712,215,4,,0,33,,9706,215,4,,0,73,,9707,215,4,,0,33,,9713,215,4,,0,73,,9720,215,4,,0,33,,9721,215,4,,0,73,,9722,215,4,,0,33,,9709,215,4,,0,73,,9715,215,4,,0,73,,9710,215,4,,0,33,,9719,215,4,,0,73,,9717,215,4,,0
201,'d0b31cb1-5133-4edf-a738-44ef9b24ca11',842,,9738,215,4,,0,73,,9724,215,4,,0,33,,9732,215,4,,0,73,,9726,215,4,,0,33,,9736,215,4,,0,73,,9744,215,4,,0,73,,9742,215,4,,0,33,,9735,215,4,,0,73,,9727,215,4,,0,33,,9731,215,4,,0,73,,9728,215,4,,0,33,,9725,215,4,,0,73,,9740,215,4,,0,33,,9737,215,4,,0,73,,9743,215,4,,0,33,,9729,215,4,,0,73,,9739,215,4,,0,73,,9734,215,4,,0,33,,9730,215,4,,0,73,,9745,215,4,,0
201,'f7e5e6f9-100f-43d4-b32c-13a52a04d3e9',630,,9760,215,4,,0,73,,9751,215,4,,0,33,,9755,215,4,,0,73,,9774,215,4,,0,33,,9762,215,4,,0,73,,9772,215,4,,0,33,,9763,215,4,,0,73,,9761,215,4,,0,33,,9758,215,4,,0,73,,9747,215,4,,0,73,,9771,215,4,,0,33,,9773,215,4,,0,73,,9759,215,4,,0,37,,9776,215,4,,0,75,,9764,215,4,,0,35,,9777,215,4,,0,75,,9768,215,4,,0,75,,9775,215,4,,0,35,,9756,215,4,,0,75,,9752,215,4,,0,33,,9778,215,4,,0,73,,9770,215,4,,0,33,,9769,215,4,,0,73,,9748,215,4,,0,33,,9779,215,4,,0,73,,9746,215,4,,0,73,,9753,215,4,,0,33,,9767,215,4,,0,73,,9765,215,4,,0,26,,9780,215,4,,0,70,,9749,215,4,,0,30,,9750,215,4,,0,65,,9766,215,4,,0
5200,'0fbe59f6-d4bc-41cf-9d89-7119a6d1eb67',736,,10297,133,4,,0,80,,10299,133,4,,0,40,,10296,133,4,,0,80,,10292,133,4,,0,80,,10300,133,4,,0,40,,10288,133,4,,0,80,,10295,133,4,,0,80,,10290,133,4,,0,40,,10291,133,4,,0,80,,10294,133,4,,0,80,,10293,133,4,,0,40,,10283,133,4,,0,80,,10298,133,4,,0,80,,10285,133,4,,0,40,,10284,133,4,,0,80,,10286,133,4,,0,80,,10287,133,4,,0,35,,10289,133,4,,0
5200,'f7e5e6f9-100f-43d4-b32c-13a52a04d3e9',656,,10319,133,4,,0,80,,10306,133,4,,0,80,,10307,133,4,,0,40,,10317,133,4,,0,80,,10303,133,4,,0,80,,10316,133,4,,0,40,,10318,133,4,,0,80,,10312,133,4,,0,80,,10304,133,4,,0,40,,10310,133,4,,0,80,,10311,133,4,,0,80,,10309,133,4,,0,40,,10308,133,4,,0,80,,10305,133,4,,0,80,,10313,133,4,,0,40,,10314,133,4,,0,80,,10302,133,4,,0,80,,10301,133,4,,0,35,,10315,133,4,,0
5201,'0fbe59f6-d4bc-41cf-9d89-7119a6d1eb67',655,,10329,0,,,0,81,,10334,0,,,0,80,,10322,0,,,0,40,,10327,0,,,0,80,,10325,0,,,0,80,,10335,0,,,0,40,,10337,0,,,0,80,,10323,0,,,0,80,,10320,0,,,0,40,,10332,0,,,0,80,,10331,0,,,0,80,,10336,0,,,0,40,,10321,0,,,0,80,,10324,0,,,0,80,,10328,0,,,0,40,,10333,0,,,0,80,,10330,0,,,0,80,,10326,0,,,0
5201,'f7e5e6f9-100f-43d4-b32c-13a52a04d3e9',600,,10349,0,,,0,20,,10339,0,,,0,36,,10343,0,,,0,80,,10357,0,,,0,80,,10354,0,,,0,40,,10341,0,,,0,80,,10340,0,,,0,80,,10344,0,,,0,40,,10342,0,,,0,80,,10351,0,,,0,80,,10355,0,,,0,40,,10347,0,,,0,80,,10350,0,,,0,80,,10348,0,,,0,40,,10352,0,,,0,80,,10346,0,,,0,80,,10356,0,,,0,40,,10353,0,,,0,80,,10338,0,,,0,80,,10345,0,,,0
