101,'208becb0-a2f3-4a1e-94d4-0c0b1bcc9f11',701,,8076,63,,,0,33,,8060,63,,,0,73,,8047,63,,,0,33,,8077,63,,,0,73,,8056,63,,,0,33,,8079,63,,,0,73,,8058,63,,,0,33,,8078,63,,,0,73,,8072,63,,,0,33,,8061,63,,,0,73,,8070,63,,,0,73,,8052,63,,,0,33,,8050,63,,,0,73,,8069,63,,,0,33,,8065,63,,,0,73,,8055,63,,,0,33,,8071,63,,,0,73,,8057,63,,,0,33,,8051,63,,,0,73,,8074,63,,,0,73,,8048,63,,,0,33,,8053,63,,,0,73,,8059,63,,,0,33,,8073,63,,,0,73,,8067,63,,,0,33,,8068,63,,,0,73,,8064,63,,,0,33,,8062,63,,,0,73,,8054,63,,,0,30,,8066,63,,,0,70,,8046,63,,,0
101,'25ce079e-2902-4561-b3b8-aaefe35358b8',807,,8089,63,,,0,33,,8085,63,,,0,73,,8093,63,,,0,33,,8086,63,,,0,73,,8082,63,,,0,33,,8095,63,,,0,73,,8081,63,,,0,33,,8092,63,,,0,73,,8097,63,,,0,73,,8083,63,,,0,33,,8099,63,,,0,73,,8096,63,,,0,33,,8087,63,,,0,73,,8098,63,,,0,33,,8094,63,,,0,73,,8101,63,,,0,33,,8100,63,,,0,73,,8091,63,,,0,73,,8088,63,,,0,33,,8084,63,,,0
101,'599df357-d0cf-4a96-9d21-3021fe181a26',559,,8128,63,,,0,69,,8103,63,,,0,73,,8111,63,,,0,33,,8119,63,,,0,73,,8102,63,,,0,33,,8115,63,,,0,73,,8130,63,,,0,33,,8135,63,,,0,73,,8121,63,,,0,33,,8112,63,,,0,73,,8122,63,,,0,33,,8106,63,,,0,73,,8126,63,,,0,73,,8107,63,,,0,33,,8127,63,,,0,73,,8105,63,,,0,33,,8129,63,,,0,73,,8124,63,,,0,33,,8110,63,,,0,73,,8133,63,,,0,33,,8113,63,,,0,73,,8117,63,,,0,73,,8104,63,,,0,33,,8109,63,,,0,73,,8131,63,,,0,33,,8114,63,,,0,73,,8123,63,,,0,33,,8134,63,,,0,73,,8108,63,,,0,33,,8132,63,,,0,73,,8116,63,,,0,30,,8118,63,,,0,70,,8120,63,,,0
101,'f1b8bc1c-304d-4ce4-ace6-7c20cda06a39',807,,8153,63,,,0,33,,8146,63,,,0,73,,8154,63,,,0,33,,8145,63,,,0,73,,8142,63,,,0,33,,8150,63,,,0,73,,8136,63,,,0,33,,8151,63,,,0,73,,8141,63,,,0,73,,8156,63,,,0,33,,8152,63,,,0,73,,8155,63,,,0,33,,8139,63,,,0,73,,8138,63,,,0,33,,8137,63,,,0,73,,8140,63,,,0,33,,8149,63,,,0,73,,8147,63,,,0,73,,8143,63,,,0,33,,8157,63,,,0
201,'208becb0-a2f3-4a1e-94d4-0c0b1bcc9f11',718,,8271,82,,,0,33,,8278,82,,,0,73,,8272,82,,,0,33,,8289,82,,,0,73,,8295,82,,,0,73,,8287,82,,,0,33,,8285,82,,,0,73,,8273,82,,,0,33,,8280,82,,,0,73,,8274,82,,,0,33,,8290,82,,,0,73,,8299,82,,,0,33,,8298,82,,,0,73,,8276,82,,,0,73,,8302,82,,,0,33,,8294,82,,,0,73,,8283,82,,,0,33,,8282,82,,,0,73,,8277,82,,,0,33,,8275,82,,,0,73,,8284,82,,,0,33,,8279,82,,,0,73,,8301,82,,,0,33,,8286,82,,,0,73,,8281,82,,,0,73,,8291,82,,,0,33,,8300,82,,,0,73,,8293,82,,,0,30,,8297,82,,,0,70,,8292,82,,,0,32,,8288,82,,,0
201,'25ce079e-2902-4561-b3b8-aaefe35358b8',824,,8312,82,,,0,33,,8309,82,,,0,73,,8304,82,,,0,73,,8303,82,,,0,33,,8319,82,,,0,73,,8305,82,,,0,33,,8313,82,,,0,73,,8307,82,,,0,33,,8311,82,,,0,73,,8317,82,,,0,33,,8306,82,,,0,73,,8321,82,,,0,73,,8308,82,,,0,33,,8314,82,,,0,73,,8316,82,,,0,33,,8322,82,,,0,73,,8315,82,,,0,33,,8310,82,,,0,73,,8318,82,,,0,33,,8320,82,,,0
201,'599df357-d0cf-4a96-9d21-3021fe181a26',612,,8336,82,,,0,33,,8339,82,,,0,73,,8352,82,,,0,33,,8347,82,,,0,73,,8324,82,,,0,33,,8341,82,,,0,73,,8346,82,,,0,73,,8325,82,,,0,33,,8354,82,,,0,73,,8338,82,,,0,33,,8334,82,,,0,73,,8348,82,,,0,33,,8337,82,,,0,73,,8335,82,,,0,33,,8351,82,,,0,73,,8333,82,,,0,73,,8350,82,,,0,33,,8329,82,,,0,73,,8355,82,,,0,33,,8331,82,,,0,73,,8340,82,,,0,33,,8330,82,,,0,73,,8345,82,,,0,33,,8326,82,,,0,73,,8349,82,,,0,33,,8344,82,,,0,73,,8356,82,,,0,73,,8357,82,,,0,33,,8328,82,,,0,73,,8343,82,,,0,30,,8342,82,,,0,70,,8332,82,,,0,32,,8353,82,,,0
201,'f1b8bc1c-304d-4ce4-ace6-7c20cda06a39',824,,8360,88,,,0,33,,8368,88,,,0,73,,8369,88,,,0,73,,8363,88,,,0,33,,8362,88,,,0,73,,8367,88,,,0,33,,8359,88,,,0,73,,8374,88,,,0,33,,8366,88,,,0,73,,8370,88,,,0,33,,8377,88,,,0,73,,8376,88,,,0,73,,8372,88,,,0,33,,8365,88,,,0,73,,8361,88,,,0,33,,8379,88,,,0,73,,8358,88,,,0,33,,8364,88,,,0,73,,8371,88,,,0,33,,8375,88,,,0
1006000,'599df357-d0cf-4a96-9d21-3021fe181a26',708,,9104,188,,,0,95,,9105,188,,,0,100,,9107,188,,,0,100,,9100,188,,,0,100,,9108,188,,,0,100,,9103,188,,,0,100,,9110,188,,,0,100,,9102,188,,,0,100,,9101,188,,,0,100,,9106,188,,,0,100,,9109,188,,,0,100,,9098,188,,,0,100,,9099,187,,,0
2006000,'599df357-d0cf-4a96-9d21-3021fe181a26',639,,9169,87,,,0,94,,9160,87,,,0,100,,9171,87,,,0,100,,9166,87,,,0,100,,9163,87,,,0,100,,9167,87,,,0,100,,9162,87,,,0,100,,9161,87,,,0,100,,9159,87,,,0,100,,9165,87,,,0,100,,9164,87,,,0,100,,9170,87,,,0,100,,9168,86,,,0
3006000,'208becb0-a2f3-4a1e-94d4-0c0b1bcc9f11',714,,9223,69,,,0,41,,9234,69,,,0,85,,9232,69,,,0,85,,9236,69,,,0,85,,9231,69,,,0,45,,9235,69,,,0,85,,9240,69,,,0,85,,9221,69,,,0,85,,9225,69,,,0,45,,9229,69,,,0,85,,9237,69,,,0,85,,9238,69,,,0,85,,9227,69,,,0,45,,9233,69,,,0,85,,9222,69,,,0,85,,9224,69,,,0,85,,9219,69,,,0,45,,9230,69,,,0,85,,9239,69,,,0,85,,9228,69,,,0,85,,9226,69,,,0,45,,9241,69,,,0,85,,9220,72,,,0
3006000,'25ce079e-2902-4561-b3b8-aaefe35358b8',814,,9252,69,,,0,41,,9255,69,,,0,85,,9251,69,,,0,85,,9249,69,,,0,85,,9244,69,,,0,45,,9250,69,,,0,85,,9254,69,,,0,85,,9242,69,,,0,85,,9245,69,,,0,45,,9253,69,,,0,85,,9248,69,,,0,85,,9243,69,,,0,85,,9256,69,,,0,45,,9247,69,,,0,85,,9246,72,,,0
3006000,'599df357-d0cf-4a96-9d21-3021fe181a26',1955,,9257,69,,,0,85,,9259,69,,,0,85,,9261,69,,,0,85,,9260,69,,,0,45,,9258,69,,,0,85,,9262,72,,,0
3006000,'f1b8bc1c-304d-4ce4-ace6-7c20cda06a39',814,,9266,69,,,0,41,,9264,69,,,0,85,,9276,69,,,0,85,,9277,69,,,0,85,,9265,69,,,0,45,,9268,69,,,0,85,,9271,69,,,0,85,,9269,69,,,0,85,,9263,69,,,0,45,,9273,69,,,0,85,,9267,69,,,0,85,,9274,69,,,0,85,,9275,69,,,0,45,,9272,69,,,0,85,,9270,72,,,0
