401,'208becb0-a2f3-4a1e-94d4-0c0b1bcc9f11',708,,8710,75,,,0,32,,8722,75,,,0,71,,8707,75,,,0,33,,8703,75,,,0,73,,8702,75,,,0,33,,8711,75,,,0,73,,8730,75,,,0,33,,8721,75,,,0,73,,8701,75,,,0,73,,8715,75,,,0,33,,8727,75,,,0,73,,8719,75,,,0,33,,8713,75,,,0,73,,8716,75,,,0,33,,8731,75,,,0,73,,8724,75,,,0,33,,8704,75,,,0,73,,8717,75,,,0,33,,8729,75,,,0,73,,8699,75,,,0,73,,8709,75,,,0,33,,8728,75,,,0,73,,8720,75,,,0,33,,8714,75,,,0,73,,8726,75,,,0,33,,8718,75,,,0,73,,8725,75,,,0,33,,8723,75,,,0,73,,8708,75,,,0,73,,8705,75,,,0,33,,8706,75,,,0,21,,8712,75,,,0
401,'25ce079e-2902-4561-b3b8-aaefe35358b8',811,,8743,75,,,0,33,,8737,75,,,0,73,,8746,75,,,0,33,,8748,75,,,0,73,,8738,75,,,0,33,,8750,75,,,0,73,,8752,75,,,0,73,,8749,75,,,0,33,,8744,75,,,0,73,,8733,75,,,0,33,,8732,75,,,0,73,,8741,75,,,0,33,,8740,75,,,0,73,,8736,75,,,0,33,,8739,75,,,0,73,,8735,75,,,0,33,,8753,75,,,0,73,,8751,75,,,0,73,,8734,75,,,0,33,,8742,75,,,0
401,'599df357-d0cf-4a96-9d21-3021fe181a26',634,,8778,75,,,0,71,,8776,75,,,0,34,,8780,75,,,0,72,,8757,75,,,0,33,,8761,75,,,0,73,,8765,75,,,0,33,,8767,75,,,0,73,,8760,75,,,0,33,,8773,75,,,0,73,,8781,75,,,0,73,,8775,75,,,0,33,,8786,75,,,0,73,,8774,75,,,0,33,,8754,75,,,0,73,,8763,75,,,0,33,,8756,75,,,0,73,,8782,75,,,0,33,,8766,75,,,0,73,,8784,75,,,0,33,,8758,75,,,0,73,,8759,75,,,0,73,,8762,75,,,0,33,,8779,75,,,0,73,,8755,75,,,0,33,,8769,75,,,0,73,,8768,75,,,0,33,,8785,75,,,0,73,,8783,75,,,0,33,,8771,75,,,0,73,,8772,75,,,0,73,,8770,75,,,0,33,,8777,75,,,0,21,,8764,75,,,0
401,'f1b8bc1c-304d-4ce4-ace6-7c20cda06a39',811,,8788,75,,,0,33,,8794,75,,,0,73,,8790,75,,,0,33,,8793,75,,,0,73,,8801,75,,,0,33,,8798,75,,,0,73,,8799,75,,,0,73,,8808,75,,,0,33,,8792,75,,,0,73,,8787,75,,,0,33,,8806,75,,,0,73,,8803,75,,,0,33,,8797,75,,,0,73,,8804,75,,,0,33,,8791,75,,,0,73,,8802,75,,,0,33,,8800,75,,,0,73,,8789,75,,,0,73,,8795,75,,,0,33,,8807,75,,,0
1006001,'599df357-d0cf-4a96-9d21-3021fe181a26',645,,9118,1,,,0,100,,9112,1,,,0,100,,9113,1,,,0,100,,9116,1,,,0,100,,9119,1,,,0,100,,9114,1,,,0,100,,9120,1,,,0,100,,9111,1,,,0,100,,9121,1,,,0,100,,9122,1,,,0,100,,9115,1,,,0,100,,9123,1,,,0
2006001,'599df357-d0cf-4a96-9d21-3021fe181a26',715,,9173,1,,,0,100,,9176,1,,,0,100,,9177,1,,,0,100,,9180,1,,,0,100,,9175,1,,,0,100,,9182,1,,,0,100,,9181,1,,,0,100,,9184,1,,,0,100,,9174,1,,,0,100,,9179,1,,,0,100,,9172,1,,,0,100,,9183,1,,,0
3006001,'208becb0-a2f3-4a1e-94d4-0c0b1bcc9f11',720,,9283,3,,,0,85,,9292,3,,,0,45,,9296,3,,,0,85,,9289,3,,,0,85,,9288,3,,,0,85,,9290,3,,,0,45,,9299,3,,,0,85,,9291,3,,,0,85,,9286,3,,,0,85,,9294,3,,,0,45,,9293,3,,,0,85,,9278,3,,,0,85,,9295,3,,,0,85,,9297,3,,,0,45,,9284,3,,,0,85,,9285,3,,,0,85,,9280,3,,,0,85,,9281,3,,,0,45,,9298,3,,,0,85,,9279,3,,,0,85,,9287,3,,,0,85,,9282,3,,,0
3006001,'25ce079e-2902-4561-b3b8-aaefe35358b8',820,,9305,3,,,0,85,,9300,3,,,0,45,,9308,3,,,0,85,,9309,3,,,0,85,,9301,3,,,0,85,,9312,3,,,0,45,,9313,3,,,0,85,,9307,3,,,0,85,,9302,3,,,0,85,,9306,3,,,0,45,,9304,3,,,0,85,,9303,3,,,0,85,,9310,3,,,0,85,,9311,3,,,0
3006001,'599df357-d0cf-4a96-9d21-3021fe181a26',1920,,9314,3,,,0,85,,9318,3,,,0,45,,9319,3,,,0,85,,9315,3,,,0,85,,9317,3,,,0,85,,9316,3,,,0
3006001,'f1b8bc1c-304d-4ce4-ace6-7c20cda06a39',820,,9322,3,,,0,85,,9324,3,,,0,45,,9331,3,,,0,85,,9329,3,,,0,85,,9328,3,,,0,85,,9333,3,,,0,45,,9321,3,,,0,85,,9325,3,,,0,85,,9330,3,,,0,85,,9323,3,,,0,45,,9326,3,,,0,85,,9327,3,,,0,85,,9332,3,,,0,85,,9320,3,,,0
